U 798 366 286 451 613 854 
P
I 143
P
U 922 946 286 998 681 977 892 656 907 458 324 882 241 726 279 447 591 841 588 908 238 612 618 457 868 534 879 224 888 598 585 213 112 579 67 630 405 280 
P
U 650 330 177 332 265 115 137 929 103 653 405 338 857 599 773 98 214 684 704 261 943 748 376 872 5 674 153 820 505 240 187 805 938 24 336 534 394 21 575 
P
F
U 66 570 831 168 237 250 637 620 728 701 324 923 775 812 63 566 192 120 748 51 621 335 969 525 578 
P
E
F
E
I 531
P
E
U 668 161 815 643 977 528 824 95 769 245 825 22 808 297 727 264 641 63 48 81 748 329 114 184 760 744 892 495 362 134 573 652 255 471 20 975 
P
U 911 453 249 157 912 476 437 720 389 256 448 841 855 494 756 842 205 168 817 557 2 928 215 
P
F
F
F
E
E
E
F
U 561 953 876 361 87 851 523 734 456 258 469 98 776 142 941 178 744 282 617 123 148 613 392 524 133 696 66 307 176 880 28 234 54 948 483 163 702 745 
P
I 746
P
F
F
E
U 655 66 19 578 784 889 595 209 406 677 498 335 478 121 26 631 253 373 246 967 62 158 490 860 111 576 941 365 927 694 898 416 90 993 661 82 897 312 980 979 355 959 699 137 704 
P
E
F
F
F
F
E
U 476 503 579 252 855 885 103 755 36 953 55 783 299 638 2 116 127 518 233 324 533 966 589 727 454 194 479 89 530 268 728 895 573 753 858 362 911 620 807 911 94 
P
F
I 494
P
E
F
I 906
P
I 841
P
