0.6591320496377018 1.2243385913069242
1.2142086794583824 2.0604552790640693
0.7856342465883438 1.4157616122478571
1.3788122758408994 1.5565268918507666
1.1286363228328438 1.4383147786256396
0.7537227732656419 1.9733957075276483
1.342028842249537 2.020667209147552
1.3105391520723193 1.4396266618006819
1.6232501334843468 1.0513290181934754
0.8659389953467678 1.4671440631597072
0.6884419557792036 1.620166053768201
1.1546283447825954 1.2015961764521448
1.2466357917418815 0.7797205225334523
0.7610228982419387 1.4145037240510518
0.5954880458173802 1.2162364381804482
1.26002846488278 1.30670336782885
0.48804303038846497 0.892229527316567
1.023665473107715 0.745173145378982
1.5534522709793892 1.8056533040903175
0.8890717034802338 1.7683717678105975
1.4942798572307971 1.4980304472122947
1.91540604315307 0.9707016585013711
1.1576076486538134 1.4421634447228648
1.799799050114209 1.8396937501906137
1.2958448150603779 1.164140453342277
1.242682117698627 1.4465912625005064
1.9951670343745982 1.4821338265497528
0.8601801669510178 1.6667118928157343
1.24497867126364 1.406339682812356
0.5425413591322908 1.7119337915502073
0.4171657545542127 1.567885214368425
1.1989354721096859 1.229013847576729
0.6254826446546156 1.6988788433090192
1.6065180947323903 1.8031352649142995
2.1026128404358957 1.46210272425924
1.65368840443078 1.569298338871234
1.1227034393642485 1.4201610736129304
1.298854276752375 1.528732751400606
1.1785665695467122 1.9116668560854033
0.8452382244087373 1.6702626785437116
1.007932400205687 1.6575205595767084
2.023957851173151 1.5863930247537237
1.6953731565854637 1.72293635489044
1.852970560548664 1.185294473045544
1.4126397459868871 1.6833267440106476
1.5204087990978505 1.6316018566424924
1.8071771503797986 1.9389579399071684
1.252417859726847 1.6541599637663036
1.5547778146692246 2.147163509935733
1.2349306133268503 1.558544647204365
1.621137210792242 1.5023767504752616
2.269545411301607 2.241552582240365
1.5966099197290184 1.6037347819991794
1.2006353725374954 1.8016095122967875
1.9224255218731277 1.4036989449648671
1.422555664357467 1.879254622277433
1.226347052761128 1.495532838884867
1.422753590386558 1.8269535575098643
1.9386545513058 1.8330507678025467
2.5228638862354305 1.360763639958526
1.6149502213333427 1.8485556145092672
1.440930722910257 2.1467289817967963
2.329993213616016 1.8338025654103116
1.4091596643097444 1.6041191811417932
1.3417316852686927 1.7551578548356719
1.8666253454746349 1.7963998113059276
1.648257429033954 2.082321785459971
1.8519067010366355 1.999140037733936
1.545173906906519 2.0998458248390333
2.069388175462676 2.123706218390613
1.4142985922959093 1.84288140683784
1.9259649043691307 1.923644331522743
2.148230975613364 2.2765155508946493
2.1504096792077947 1.5844685795883393
1.655854145724906 2.1733978752197616
2.2339973105676507 1.9436340753763475
1.5144116491960422 1.901693777786726
1.0793275313281279 1.861295410998926
2.2795764588933496 1.583607287132971
1.2571592988203664 1.8625557786188802
1.607132288312519 1.8400410217737082
2.2119185328138173 2.1285860152077336
1.7142450546171961 1.6037340006457952
2.1327399607664734 1.6890509791300337
1.9819960592400325 1.9433469689123233
2.216152454726115 1.7334138283548417
1.998862139039666 1.6757820838630264
4.487922678081122 3.050573361570117
4.628641165489062 3.0702606688996887
3.7629746685998606 3.037588959709761
3.792770806811417 3.0240162102833232
4.273259224512169 3.180619704959669
3.7934917427986514 2.997627843249016
4.47510679894444 3.092887774821808
4.413258196872193 2.8949604526277106
4.643933183356235 3.324814707569656
4.43211963319937 3.0692176154163366
4.418631478543029 3.09215961477816
4.6126927373015 2.9045535328655063
4.262005416370055 3.205181257197217
4.633555642198949 3.1462898229096092
4.161401124678425 3.1060090660522723
4.355588165007656 3.2485450161298055
4.609913137002117 3.050499715711289
4.2863582601529755 3.1526112618919706
4.121727346719332 3.2145089403380345
4.992539585024236 3.2518054433368997
4.362883253311864 3.172690851680747
4.63855070410243 3.2145985576733547
4.164265764332335 3.2311037790011756
2.1767492760874894 1.665315143384078
0.637526298091567 1.6278843909669227
1.6946346853617058 1.7278782900601208
1.9129083969961393 2.064478688135537
0.979797542418949 1.8882010390115596
2.117557749394652 1.8099308732053978
1.5545716567546919 2.0030548314630536
1.7891038299930475 1.88215140863715
1.14197011379946 1.7692791285401963
1.9190724110263444 1.8490387785173577
2.1070361214279845 1.9391910615443593
1.4761156957537547 2.0742978303900137
1.9080466799833433 1.889697958083332
1.8890605717013238 1.9660084584745112
1.8603994268653439 2.164437866428991
2.4926724759597687 2.216304835103111
2.1297969990679344 2.340096598049416
2.354486760027208 2.3281170406005804
1.7441796620939762 1.8707633683143707
1.65905174410323 2.317695106290395
2.3481820978981354 1.7401000647669798
2.373761955878238 1.992321422046545
1.2099453497867914 2.0684952974056463
2.125874903071093 2.3163902438412656
2.02106799534121 2.288264990800427
2.136581402281455 2.2709433821977187
1.865168899455706 2.0910022039603073
2.403447822098892 2.1503769537110218
2.0797872729574096 1.905327755360862
2.189770420890409 1.9422860427879178
2.7153531839029412 2.3239077480489665
2.123361351084422 2.1615177564512793
1.8966747181421169 2.0201777465905906
1.5627477675181782 1.9876839265911384
1.954981411060031 2.1595900805198527
2.2606911394045737 2.031170446573668
2.19098565334603 1.9646609981668546
1.8236788420915795 2.412282354371193
1.9498326066775507 2.3564885979604724
1.8216400772398516 2.4042172925682457
1.9018229056801972 1.9403458153323079
2.3256400407155953 1.9951250985684919
1.5382116317816776 2.126352515616331
1.9987960593940308 2.2420326115455183
1.4694289411158445 2.0365628974852474
2.066586264657002 2.1322939412328954
1.2980609177942048 2.014567194421625
2.0912617419108868 2.0621046183360505
1.7249800970361229 2.1046911505393897
2.122714280986066 1.8495628431687248
2.2345532236388763 2.1270440800319292
3.4302121487079273 2.2370319766530926
1.831106348736227 2.4510823880536092
2.680485830204718 2.1189183591879512
2.834173344071672 2.3880711054182258
1.2785905247338307 2.025434112937903
2.200832486644594 2.037079953655244
2.300459338386683 2.286220654595238
2.144569002450349 2.33066766172301
2.235601711166212 1.9605894671935733
2.158579630317503 2.047155661662524
1.776630819694398 2.30658884755448
1.8451838706926713 2.1119611380801153
1.242782649797157 2.190194311413484
2.446711398507453 1.82937982366267
2.3360716494812417 2.1684758140892444
2.4819732261591416 2.2855200971182796
2.5895705750296867 2.0231679857718117
2.236970203340117 1.9583442992866547
1.658483801019605 1.991109939603495
2.010807030708107 2.119638686056835
2.5685464292803157 2.4934781219592677
2.0178509724519254 2.3399872031423654
2.2691863544592747 2.040215981396711
2.849158308708213 2.1731240071050344
2.103545446852983 1.9543733683902422
2.124174410672851 1.9508462629441117
2.4480998338431443 2.0452887279509975
2.4296623868097456 2.1363007591317844
2.28826852157351 2.212066501696726
2.6064278339028046 2.3948737621563305
2.2847151047905663 2.0486074577818054
2.8461259952473967 2.0212470375250087
2.27427293527117 2.358891817034211
2.823002083473834 2.299939715482084
2.5222220621625966 1.999333439989485
2.9521514604105015 2.319126725378272
2.271575916211983 2.186167347641408
2.571480531118569 2.1920495790282746
2.7655661447648177 2.2687573783342336
2.425900015630381 2.2689950334199973
2.7837160752708283 2.29743487847544
2.6043433066735937 2.090617614185358
2.309644621154503 2.058051229340919
3.0876238716809876 2.3282740610106307
2.2837852371762373 2.002493463164431
2.7472802142600368 2.3003084917357466
3.029733084822973 2.425922096725753
3.117490421286075 2.152411915544466
2.9767545997875446 2.22862398150445
2.4332547778649727 1.941237507783375
2.4487269116504753 2.173496011844414
2.562347652083014 2.379665227917468
2.7482288531930177 2.288561474453546
3.1262465154971273 2.1640046719447947
3.10610018944846 2.2161886290521706
3.012287507962474 2.200166203306201
2.263799932751585 2.3421878877672375
2.514171571709699 2.1704555987586587
2.562741704261866 2.3285858997495454
3.1962163179929295 2.1336826604737924
2.6157966171128746 2.2653538888811235
2.140729507683529 2.18431663409226
2.703574135426736 2.3323978408493726
1.98281375464189 2.276531941484597
2.8551157822340807 2.1592269171216034
2.7593736041866634 2.3482070887410127
2.2581311048056465 2.240851668306561
3.312989340145743 2.3070234934351066
2.8356071641476017 2.216849489767741
2.665226548931704 2.2689631104001045
2.418970655000078 2.4657632863870496
2.385084039739499 2.2414477553480414
2.8384452883248397 2.3999839248270454
2.5613851622083823 2.366113841173622
3.375193580459668 2.2823807641897647
3.551309041519896 2.4771137913713512
2.970107802740474 2.1544854222708825
2.7086872545895453 2.1963254303115143
2.592417491103588 2.104646699328656
3.877190082492784 2.0912515225102903
3.409168253339235 2.394033343250205
4.025226621115019 2.349116895831993
2.8157834814653486 2.483462063967475
2.9452415516953976 2.179554498831785
2.9792914676862576 2.4187761215280417
2.3955664583235414 2.395323569056472
2.9588772512200165 2.270774059609396
2.3654151891015864 2.299611643154473
2.7316452967598948 2.2828280007616217
3.4052957818859224 2.2703701355354347
3.10536578676144 2.363839742626157
3.282408354633854 2.439102293340945
3.3040987744118118 2.2696905014428927
3.1645285567678716 2.457937124407976
3.2531598381455944 2.393184098849006
3.401672375800232 2.398348301313109
2.920277800646228 2.3783881591623777
3.342105031328913 2.233223701433046
3.166831787229241 2.4734117311023662
3.2223767834734742 2.263514840886596
2.92481375110982 2.407398238674782
2.888053415639453 2.3622957306561867
3.260236274657041 2.3728470106578032
3.4585061355664988 2.1860947158564255
3.021593799201307 2.5165782450291947
2.837695335001788 2.4260058926926416
3.5751827217212124 2.617533780532696
2.715632006703002 2.471971019479372
2.508998196385046 2.394838286546388
3.007122342892143 2.401255100100675
3.200381888610705 2.294568688228208
3.1155067300307766 2.2924543146382237
2.7440964561288603 2.3933852065628307
3.9203830550120533 2.287306143170118
3.5194213671393992 2.3164432119304266
3.4199763271130736 2.40855088089518
3.740125256520812 2.4547330377530585
3.2888177935130805 2.3054115093353054
3.113716739323591 2.325332719808514
2.7209517569630797 2.375248177671308
3.725199646346585 2.592250694699141
3.219342539809409 2.2325090069649463
3.2545235342496106 2.32835697195986
4.070355138859071 2.3234023466085367
2.8931593723627937 2.277370008453339
3.442985927608658 2.4377803786485988
3.7675733491900654 2.540852985952002
3.415532362301836 2.295535920514943
3.06946898697095 2.381799538954694
3.626300906911802 2.529106922846525
3.840161006774004 2.275654256775357
3.637037155300541 2.522460507666779
4.1022396514380555 2.208163069580006
2.8464748232363455 2.4010238154491854
4.384763359961845 2.3959648353081318
3.246864039580244 2.483998878199518
3.8677620278776645 2.2921803844570183
3.780696333655514 2.4127309104088366
3.8838979403547844 2.399332804843464
3.5158188431386312 2.7238351217518377
3.909233785676744 2.34656115385032
3.2485998316040843 2.3360257591540314
3.073703010385054 2.3011456004615076
3.602650332436325 2.4844630089787496
3.152837923136106 2.5327773951111654
3.633601227962091 2.3694700453245523
3.082531269640073 2.494643914915772
3.900048835653818 2.464747343665524
3.269830384405186 2.387702302782486
3.5082703495554917 2.390346559683467
3.581864440246113 2.8125767630696594
3.9836788211056553 2.5644049963577933
3.1935425774699135 2.382568327263291
3.754909739184983 2.645402614691832
4.148205830032184 2.47114675862003
3.3940345451879446 2.4577836097961874
3.283681408628947 2.5166088209207342
4.640050522615065 2.5066998961491835
4.274828713743437 2.374606265464318
3.488917413945126 2.435403109954379
3.7178886913352844 2.520559155403574
3.2492816941258855 2.671988140221705
3.5743126908155607 2.397104198778774
3.8857363396617473 2.5023717061281308
3.5839615999746273 2.68616026732088
3.6455067280531592 2.3921918638289323
3.6204622462434424 2.5186942161106023
4.0380482586213375 2.717428547517083
4.0907836173350764 2.6510758345205487
4.418608470192961 2.702420173190095
3.835221604708886 2.892192857391552
3.8484062667488685 2.6779891892228416
3.5685658231271153 2.590975846035939
4.007076161329707 2.7305632496999723
3.40703221552808 2.612046264093294
3.6517693119745256 2.6471608359288012
3.4611922713787906 2.8383295350606197
4.419727007096264 2.6083547161342624
3.6434991198010223 2.6142333761224488
2.7644380325747573 2.869148597789311
4.449830672973971 2.7180877165396535
3.5633651974612612 2.667625969241767
3.619135164763839 2.6702204664930806
3.186703319228257 2.812468341348385
3.967801476056155 2.790034530980434
3.7084493589178424 2.810722660055584
3.892689678960371 2.606108073993136
3.305788892120686 2.871441732789722
4.309812272483391 2.7352236205163267
4.595417174832699 2.6816037193480406
3.693322061182412 2.7297083060819483
4.406932767356385 2.580611449441828
3.8996931931435332 2.7807564522739523
3.8048125895086 2.7016919180682253
4.422207697704219 3.0015534973834983
3.979730856517782 2.777996355740285
4.48910319124023 2.7213387901075494
3.797984535663125 2.729282306631553
3.668117405949798 2.7701915994949555
4.359509016297785 2.8115080300317774
4.455795581012668 2.9077272140471635
4.171443260810632 2.932137935578675
3.7724318738794707 2.8962246785967007
4.670180196095183 2.9338616679722977
4.295454711796349 2.923837225900201
4.020207242143609 2.8480820053963645
4.361300098395921 2.935590778653065
3.5843444727038305 2.8857057380978386
4.048850732677096 2.970848448359066
4.072947488647311 3.0011032387592658
3.6715413540735193 3.0425670178950592
4.883584028146005 2.7659322095364844
3.9893510519999924 2.9964737845538076
3.7321182815647176 2.892906281159316
3.982324091015015 2.9306936626333586
4.1462719290798 3.3109463338021112
4.225093502192159 3.069436928982738
4.329727702745722 3.2535075600126513
4.714790392530428 3.231746321744085
4.408163981135065 3.265415815658209
4.968540019841674 3.3545763356260436
4.222473977922675 3.1378902780531313
4.2852866343100136 3.2726618544458494
4.227959249671625 3.302033351615204
4.315582748362499 3.2628509049446888
4.878396231207174 3.4441783171910294
4.258112620707286 3.3517119578135937
5.446517595479865 3.3557470170456165
4.6010352334327695 3.5864698175363383
4.657788942667748 3.3620726142126514
4.961520157221828 3.4512453600171065
3.769281054681837 3.5833003863546837
4.904181113525948 3.505641139490654
4.430218170681173 3.325495741153542
5.569760516040113 3.5202221230710244
4.282206252808654 3.5612481880162825
4.426292115647709 3.623365903322157
3.7294666640175826 3.5874547951603226
4.705094571345595 3.560569111734559
5.185283724145014 3.5725331507550817
4.308266077353638 3.667431968982392
4.143502458794199 3.602601260050173
4.574943044312241 3.6415709167960837
4.756801020036582 3.79763593340667
4.672445046748381 3.7253282995365877
4.44460460127009 3.699820409872982
4.704998672662353 3.662380788009522
5.01366051610334 3.747426352033707
4.7293433628224815 3.7533888475697794
4.640741033382032 3.850753131725921
4.73068778944056 3.8507049662420965
4.783317382047034 3.8336407231964738
4.847124564758083 3.9479638473222134
4.612571907650904 3.8487328487099126
4.8585877418897345 3.8783768322427496
4.293028484100051 3.9688700658940084
4.863130283716237 3.961369594328717
5.077551703860883 3.8588026069963335
3.9092178350043 3.906882506591709
4.677317332125803 3.816450200274116
5.417329771160145 3.9051380834901033
5.122368121532699 3.925708956823868
5.027718066411627 3.838368481266344
4.523250479145846 4.007232452091505
4.955915935914196 3.9575168088029256
4.6733154920561395 3.9514453068787456
4.978281896669008 3.9524684040555433
5.183693668244631 4.059966074963666
5.18943655845385 4.223171439405883
5.182020921201229 4.201285685639107
5.24131204529389 4.101443629905144
5.1940730734796885 4.166372550747625
5.607568391073883 4.001522499338766
4.948602219817207 4.071881768444048
4.638927412405327 4.27088733835265
5.154705330600601 4.191925413603377
4.604847953228471 4.253524956777548
5.081780549384902 4.2753694726350355
4.944426661016153 4.303732143937605
4.96205373097547 4.3260253012679915
4.2651085427240965 4.303413823387379
4.935171008108909 4.564565105076001
4.915239078016097 4.633629293209102
5.12965980693085 4.411375237227211
4.700482296184676 4.492593458453356
4.807323704311301 4.454786877679387
5.610705364581693 4.448020288850556
5.624404322093016 4.426311708832131
4.3557855950664655 4.4893092212753976
5.364266007189756 4.425720339374056
5.07558154226968 4.604434973766965
5.166102061751226 4.501981434588991
5.210024425251146 4.624952615279798
5.534501494827559 4.615690221046959
4.157354774831649 4.708155756932842
5.193406338821337 4.734246658576246
5.799769318860129 4.536302812724679
6.024681083611579 4.71874848641838
5.071151070857824 4.7193870835035625
5.68312030510998 4.604459433251699
5.230503866756438 4.797909967366989
4.80888464694192 4.759251502174165
4.846560810388804 4.794321559762243
5.4094726337822445 4.795705047080523
5.591949440977184 4.828441499706342
5.377449310602752 4.8411218476470355
5.6582054011763265 4.8435800298864
4.686323881993427 4.8976970988001955
5.772970806551113 5.115125008101729
5.127443262194131 4.921757923093952
5.527628079249961 4.9408851096318696
5.415427393136458 5.02184891306036
5.366252910922899 5.056960807543873
4.988594120596172 4.963942538407756
5.346967476273294 5.039939439187726
4.708980147013167 5.0827150561435435
5.053211205906336 5.208088705892755
5.841428616183192 5.186926144902993
5.419876687249278 5.184850735862764
5.121723610666853 5.169257649881312
4.91235571681733 5.175413744803033
5.648819182571635 5.2027946548154524
5.111737063051045 5.168824836859716
5.443738285533581 5.2733584345485385
5.587239212925406 5.23007650236784
4.718933730790295 5.493012424118908
6.009258296149134 5.401430975477053
5.675436324325667 5.358358810770535
5.327180148591337 5.413238931786784
6.366545759083949 5.356098645258304
5.569593425164643 5.372912701474396
5.607108777986206 5.558416949944723
4.76824891860556 5.641096441520075
4.900666285298129 5.510770113239739
5.554868218424492 5.594051130894037
5.541148731450053 5.564367160910304
5.721218857722704 5.653469974166716
4.99611037199017 5.6773227862290385
6.415775579227539 5.558410572775349
5.666771336354703 5.706917517632997
5.103879348550054 5.678156333141735
5.450674972259047 5.775042583987038
5.9267979471099945 5.829163210591596
4.955056962736191 5.725178039664955
5.518473573803825 5.876076197926095
5.8226111579785105 5.906004653196541
5.160171157394624 6.000095837806664
5.6302444325682455 5.991759836713073
5.72236212679073 5.866108411309008
5.891970167648057 6.069282337236983
5.613052342060891 5.973965141004344
5.699372460529425 6.0765002691083865
5.9433603262306365 6.110231216513857
5.442117635750805 6.073461143464335
5.03601601097674 6.130467477354547
5.315882317366636 6.09419420500205
5.7466291170157 6.148533265774338
5.716279549975957 6.16643051174704
5.338495829175407 6.2463379202604585
5.4294276009538995 6.191181954043496
5.352016652743042 6.2947708762613654
6.453719117798078 6.259393030548215
5.529854040536924 6.217559288731484
6.142951295182096 6.437303942318614
5.8560405843481 6.337394232932502
5.174408358674387 6.5603887293282295
6.1963873156105045 6.561344483074194
5.335756451204973 6.531221380129095
5.114538615355899 6.478644142381538
5.183610588060898 6.449153644396255
5.6492568441215685 6.477591868848213
5.846959995963456 6.623497395664873
5.845396530437409 6.635112777450119
4.931534986233902 6.600132071510803
5.207451489372755 6.59044628135277
5.920727266565074 6.725880254823046
6.209011482902425 6.758937220912832
5.334923583740781 6.926149916084177
6.106043752277971 6.766033138210355
5.247527770513985 6.7640702542619575
5.09753366583899 6.821710362439522
5.748056250513304 6.924456820387293
6.233497927290548 6.919767269664261
5.727115866006897 6.928429434173441
5.31470067176508 7.0466436572297715
6.059718620300184 7.0540414569281955
6.0245409458274 7.032029665404316
5.964754854350219 7.114442141172191
5.96532253408431 7.017972565353957
6.190374236282747 7.024136016910525
5.663225306166904 7.132207097787418
5.621364355927641 7.294771250988281
6.405215465338987 7.265809612916124
5.867786869126675 7.3209347696036255
6.132838909580488 7.164255874485573
6.148568769302286 7.380286222615086
5.985859357869778 7.3673469225324055
5.522854826427055 7.356503802321397
6.203963444275651 7.354975671014266
6.425116711136073 7.361195172251717
6.7650065995088235 7.569289885348348
5.799062535267818 7.507323050492826
5.666642780116703 7.505691440188069
6.387037107793128 7.496997795975973
5.345319969413553 7.469004949209583
5.551575609389879 7.5738608696583585
5.940232466233372 7.57897751001195
6.433695574170187 7.663868587898391
6.820628094620693 7.675778110541118
5.924367139104958 7.781768400589251
5.763344618625689 7.726902883753226
6.802934529654408 7.813536529355818
5.933720640743725 7.7925188986101
6.740024196993439 7.828596942186682
6.568484067255432 7.88563600212916
5.865518927718319 7.911093553034007
6.171344007540063 7.961284851229424
6.035460761852637 8.037998026000867
6.051763393955071 8.14527687390275
6.361036597289406 8.098681950192885
6.117436699511829 7.966929967486699
5.289964903164068 7.980900585657806
6.264126727670276 8.084643539935644
6.738621425541816 8.187216506059405
5.7710573329206944 8.226925698121063
5.7613027801444225 8.226957814066475
6.128017014958098 8.128137022570874
5.98168773199604 8.384693937515888
6.38566064690515 8.196451783830135
6.263962757157952 8.297791928647545
6.814033483609694 8.352500681885108
6.408596960759241 8.464202299733095
5.935002031929629 8.352424375135428
6.890697006536289 8.634619799601698
7.131066783715983 8.520803052556795
5.536834647241868 8.55405784425031
6.290492715167393 8.51260525389338
6.42929177422316 8.609564626078818
5.726778103386263 8.53308983860144
6.399707625940384 8.705388964034292
6.181243692502367 8.750779229192581
7.111978460065144 8.7044742713999
6.754373481909304 8.719465187925673
6.694011491857547 8.74217016050403
6.515615176085732 8.863502934747777
6.969371830010657 8.75408937630504
6.356253414953785 8.952152056929497
6.167501634340273 8.988071223312678
6.154745498318812 8.976243013792672
6.31177120460483 8.97043105624842
6.498749679428319 8.974992647098302
6.443399903639181 9.050395013713105
6.1350656094910745 9.114425798195954
6.43348225636667 9.143506230387798
6.790325954122804 9.088879511471696
6.6422611459157705 9.137945585741734
7.324009732477635 9.223171039050817
6.611638981505491 9.261145875013339
7.000293963397917 9.30677485593966
6.8370289188894215 9.263296278171783
6.942155125966309 9.303489731935457
7.101410951943026 9.39548270178406
6.529946606994583 9.41764418207319
6.626504912963061 9.376312766760238
6.16848971906967 9.40978963888952
6.904750792400494 9.409296130041872
7.447304023260413 9.52632636154912
6.793721614276584 9.545936054244278
6.457020417373851 9.758582943435005
6.820468567394361 9.608726580073807
6.902621111881933 9.661538132778805
7.000462722082774 9.65914444925521
7.303666771201398 9.728779724290622
6.923468445242082 9.862353557236027
7.06179951617733 9.754406247800802
6.690897259018017 9.808259811788481
7.158985769808791 9.847688924725869
7.787419359450299 9.894194220251347
6.775734521251362 9.921055205609582
6.493098490786592 9.917039113133562
7.017235427158655 10.036789564984037
6.511552689752049 10.084212714817886
7.3809687004142 10.065765808434502
7.061377947765535 10.10159786376811
6.313090209272476 10.094436869002118
7.09999203103416 10.177928902717067
6.67835790732512 10.161159419822724
6.939480461647948 10.207643516514523
6.516181229480398 10.177791692199625
6.432376218455529 10.166009925385648
6.797048717600315 10.296004919614717
7.102753494260426 10.28022844958494
8.071764075692208 10.401331997601709
7.061359764506681 10.375854725057247
6.415771303894435 10.573606374928346
6.161697529306805 10.481605726772914
6.049177120094491 10.495529089794397
7.11480081843418 10.578607559135802
7.3686608263895375 10.607912115498536
6.834539016876596 10.599631575560254
6.804409008419562 10.679207634090243
7.082613181304768 10.640827129288555
7.37531336149336 10.628511754949724
6.31273384807885 10.763791739035849
7.145412149820315 10.73308796214716
6.717260060655677 10.717179499374478
7.063333172599823 10.823194641389884
7.485800136533143 10.83505096070108
6.74696790822665 10.934382870102892
7.249498220514731 10.834949138082004
6.989788507318071 10.924668725631749
7.346875989586193 11.09423833480288
7.114478737150103 11.075570231671021
6.269573006233567 11.075875633383752
7.933366267323024 11.072161344321415
6.954420625095926 11.164588305124353
6.702834373295442 11.144341728833906
7.423195759116985 11.176163820750276
7.547291175307053 11.185693301579205
6.795625418259012 11.185214897582318
6.95262118291168 11.364905393690192
6.801062234262409 11.28626575412662
7.176838702898608 11.3244803936696
7.126532062956657 11.485645152252271
6.519470993509759 11.354329211320126
6.515270189978013 11.445580795388455
7.0213075448782805 11.424879672278431
7.095519138771653 11.478712489590054
7.198519229135858 11.566053613764545
6.363417905257356 11.60789961554478
7.147654558468857 11.484344014261296
6.727357145309083 11.63722269305801
7.181070661715335 11.688322782326365
7.4805826159512385 11.673457714182295
6.767242797594413 11.688412799369738
7.149209416784982 11.752440669287992
7.538340438743626 11.754802435820848
7.308196288624133 11.834551788351064
7.231192572932705 11.761970904867672
7.097300020143259 11.905102338257159
7.222462432667013 12.0357133912671
7.273224946752805 11.96760575982417
7.0583095621950775 11.940690822498226
6.746082828477722 12.062286196944726
7.256499288882137 12.067182223659351
6.833348795599758 11.976749286808381
7.169174125220095 12.0924545611329
7.427680070565124 12.202907037820674
7.443246560317767 12.112952285373554
7.592712809801811 12.152552331475208
7.445582968517426 12.365323071322358
7.200330867719446 12.252290425297803
7.038349481710304 12.314046180687507
7.669970685445058 12.290067730537778
7.889610628846269 12.405414206751079
7.55072381106277 12.250925033053711
7.443038814568252 12.308006864572162
7.783074129683126 12.455959876541451
7.878356956880342 12.513468237764084
8.132292332898533 12.471327641399045
7.301841834165923 12.587225698168522
7.408982757793042 12.543992431198058
7.2802195011573465 12.586935653670377
7.023817391827632 12.56941942030173
6.863917147361672 12.683198884953157
7.630159404046601 12.68052464832241
8.32163847236504 12.732866289111826
7.764116228904953 12.772137763754834
7.913752934281694 12.781555915267239
7.551064250053129 12.774909448661452
7.1470301205756535 12.835761662933436
7.606262911584455 12.878420320485562
7.688177945893816 12.88192682894523
7.0998197657930255 12.915218075640885
7.736258397981497 12.968934209013298
8.2448629785443 13.019290831985
7.679606340703756 13.055250458625745
7.903758434196348 12.915954560163634
7.418302653730591 13.052125804995871
7.641187141560408 13.105645517748975
8.102938255968393 13.094561147037107
7.868284604169229 13.092976635347073
7.781077649110413 13.06185435496661
7.87177834152392 13.23017173049358
7.930336246314023 13.190743092134792
8.430766553748924 13.329146639884664
8.431757000022998 13.255669315583393
7.54602193211502 13.252985885223493
7.68009687332793 13.28110863159153
7.6482874073785405 13.35317299784831
7.540301734163185 13.390979507335938
7.4855381693252 13.452257097455597
7.50855066667598 13.444981368910389
8.257505581468873 13.462949547964502
7.516555709138862 13.45328909532597
7.460511061045619 13.600054914863014
8.268910545075675 13.512864120007535
7.93822716198915 13.563166870171683
7.83563938997073 13.56097308991186
7.625048135320948 13.611309997844474
7.728030632042982 13.692014036992727
9.0316503931517 13.66483608904963
8.044939101385825 13.727797273960567
8.235716415714654 13.804445554421559
8.167580020387911 13.924234479466152
8.252488608516702 13.876373632930061
8.083503554948503 13.937068101522735
8.924618684227163 13.801583923748538
8.160996836647433 13.963743200255768
7.817894032619642 13.928109985293185
8.482636699461791 14.036840350242032
8.442249593711734 14.00102234370693
8.5986987077448 14.016640277564887
7.9939921047000775 14.057742762585654
7.930138021044433 14.113228435992086
8.197934612066389 14.11520542955711
8.198418502651336 14.17932906910513
8.443660816416886 14.145130301136806
7.894342255659153 14.176502155776781
8.639356835798415 14.205570378664527
7.858365889916702 14.347115184064068
7.9887230711906945 14.181313287369335
7.99713007768886 14.285935586079335
7.687150728358252 14.182881853716921
8.073550780120637 14.333749185405809
7.846881475905589 14.39667128265821
8.043436957780383 14.430727106490236
8.445218172793762 14.392375232693858
8.00416907839409 14.424226558253237
8.139925947902151 14.42168739089374
8.545444237394321 14.494535614619183
8.505245518422846 14.5521526899475
8.094004331430572 14.542407903490494
8.118523939234214 14.599373167453978
8.085066538102918 14.62440901650424
8.120129183915209 14.635402304808707
8.940813786240396 14.682744296992642
7.842564501531053 14.69051922572607
8.230748740460353 14.712097092774222
7.865315683193312 14.716639370701365
8.414463855580046 14.739686618123292
8.742432522489171 14.716599008691121
8.73408369921945 14.87525647373297
8.301218201930222 14.782190981598953
7.320975598118474 14.838762823117252
7.582807261486535 14.95734328098429
8.628841125588552 15.002336039956102
8.746685545552685 14.961956128245207
8.35469105347612 14.950730307867191
8.010441671782543 15.02985593748436
7.856738241416621 15.162261975046077
8.818813989098487 15.080542117741233
8.440761366477764 15.066270066650052
7.945338134227739 15.083543652118564
8.460261498416255 15.224467169765585
7.938658381490632 15.143197652292747
8.347750342382618 15.272989678555728
8.657168447193904 15.208596525676896
8.045692795830172 15.313361900255032
8.28375711767701 15.280931356340089
8.310461297607116 15.22991164107159
8.400447296907288 15.372647851188985
7.958951232456119 15.428955184035615
8.811274987221475 15.335033994447098
8.197689861518013 15.39488171395828
7.839345389276579 15.322130236587295
7.982533499345458 15.464141472753564
8.587860594949536 15.516661987913304
8.298927133033263 15.462259991223114
8.417512804668588 15.581111449603613
8.650302515876836 15.56477363586151
8.724798754607606 15.620953131055
8.996076829096221 15.476750501053052
8.970079489208505 15.606115308080458
8.749972486896162 15.664077588381163
7.784771472240263 15.715414618884099
8.853611767488085 15.687360004436657
8.155278617799471 15.741834657763615
8.446303875651624 15.762816163762803
8.833720339344328 15.77901526737835
9.053621682360818 15.800140102431556
8.583858535947387 15.813414692983986
8.912189008252117 15.837533413866776
8.358239390940058 15.892477666962082
8.843603550520204 15.955234796103003
9.318536866300237 15.99686402866481
8.853778299963432 15.893784693576013
9.074578733984183 16.04650737729228
8.829718069640263 16.00132319923149
8.432767687121522 16.069273921458127
8.771850683198734 16.077859789796708
8.135111392433306 16.135675228978567
8.512108494336653 16.08352135628673
8.60101097066121 16.144343711717386
8.755585492322059 16.217723974735453
8.22006603903232 16.18657332814721
8.942976423347107 16.206557583279917
8.6970817515301 16.23721265118791
8.697775045923738 16.162552386571008
8.857804330552083 16.212654683277904
8.51982068160242 16.242423558931637
8.691941026793144 16.34839194955718
8.383933347071455 16.341056564312993
8.817333613686959 16.341508036235556
8.44275977421092 16.388270887519788
8.325370572315922 16.415003375525945
9.177957607702274 16.502238968743512
8.18082575698463 16.396655911587487
8.363212421509559 16.528965862799303
8.322492200944252 16.52443279443583
9.255357694240743 16.527166788092977
8.527912895433 16.547493403855555
8.876185709420852 16.66908069700432
8.775421168959216 16.581222379244164
7.59142261626711 16.56256352661492
8.744665711206737 16.614602064540193
8.81092125363485 16.633635712679688
9.256109910904549 16.69411972724222
8.83584670120629 16.671588538196847
8.77424465730295 16.751428225604617
8.844033009995247 16.818210054720126
8.52915666061216 16.816541759729112
9.48474125110113 16.921200523383167
8.881808263228432 16.916279913145228
9.147766918447893 16.900033331131404
8.198844051710653 16.895107352600306
9.463896183945403 16.856921718923463
9.391939037806258 16.89714194271539
8.914059208937754 16.907522246965716
9.007429720812725 16.96387361938318
9.198982804017888 16.968364453347824
9.552523356485233 17.080159072926445
8.516632664609027 17.101053277530585
9.301157560611259 17.051579818757734
8.160855598513079 17.086258184751244
8.865394124245205 17.202457315478753
8.604436877139813 17.101588515909608
9.271351857173217 17.189765746334686
8.723050114271532 17.27744125409723
9.097622861976852 17.301888034845764
9.640486161149209 17.23290423961782
10.022287288588963 17.381088316996603
9.124159670178525 17.362540843018145
9.92183278086935 17.288918127908087
9.290807620802257 17.294736870165735
9.314386002959836 17.45081315568555
9.493497320185334 17.403652985652588
9.686808814156015 17.34888252079798
8.394934323145323 17.366986206245425
9.452649363280445 17.47051989944037
8.992222927733545 17.475175235297783
10.155135650880691 17.544562413938927
9.512798634462001 17.608163955516698
9.783173834669519 17.55564846077323
8.607881015536336 17.620608886038067
8.840704438270482 17.639352161820863
8.898765153922715 17.73827955659725
9.775200013753299 17.692175951660417
9.625278821364654 17.657601154763142
8.729485870423316 17.789672877566606
8.950645328623015 17.76694586819188
9.528613080789198 17.794834078009018
8.780597956656054 17.709324239820905
8.996872365826352 17.810936084661947
9.19834894901561 17.80315003288991
9.037104970995237 17.843157009690906
10.050522286910391 17.939422313002098
9.475375716106907 17.912579653462366
9.632144147826484 17.934001174232108
9.77460137989937 17.93877847819502
9.511118650483464 17.94777268222932
8.910592710810258 18.00882872089702
9.052260595247366 18.082862780731976
9.33044292429418 18.032670242714392
10.33315068340104 18.07962789629319
9.446438459526172 18.117001236003063
10.230105001471674 18.11957067166563
10.159756862776053 18.211235307059336
9.782301136861877 18.18588562779657
9.524179389430223 18.192627423759987
9.337305335045418 18.237314275871114
9.71332276405558 18.196530148673908
9.472407802785689 18.246994065798916
9.386825063246327 18.325102819595333
9.59819226008919 18.387033519342868
9.566298592204637 18.370224197306587
9.915244896375922 18.431501307117507
9.781169400993358 18.355498627045836
9.290319311758319 18.481992904461524
9.41015742731687 18.469354442139892
9.98478795437195 18.516086808681735
9.475537923083975 18.490491566545717
9.53555790607574 18.58322292917607
9.545888174461806 18.64557283818728
9.319926593032305 18.5802461355812
9.742380931989963 18.620269679560856
9.492416580205273 18.612364933965445
9.859166041970445 18.71839308748805
9.533745647700488 18.82822379175336
9.80393508121031 18.724319089180913
9.26447276021395 18.768321079249418
10.24350902675327 18.87753198372369
8.983865704453775 18.910412293186692
9.592229662096422 18.825677095158166
9.229634936077979 18.840864525726428
9.682700243415976 18.898441868218598
10.211684879518813 18.971299886479287
9.43245043487704 18.945551936419815
10.06394746954668 19.02405913481941
10.04107577438932 19.00094938448528
10.252681805021446 19.000680822878607
9.948370836659048 19.037671488489377
9.321137414935187 19.13749407716085
10.238207751128705 19.087050432458717
9.865682584235016 19.222782454228135
10.240768772589087 19.065084300744683
9.808922022606982 19.214229614082377
9.699661481534946 19.185285849000763
9.599177868049114 19.19690163739552
9.9128426402138 19.28085422248007
9.607582595510282 19.29766128458669
9.545119115915398 19.340015790708566
9.699597223528773 19.357039421992933
10.121360660794757 19.395196738567073
9.93081825406117 19.45291015248502
10.485646792313414 19.428254420551834
9.656523674451556 19.43199835820016
9.65312195130984 19.44295183046636
10.288490993932148 19.570080288423352
9.844139062587216 19.580342405452953
10.286063200086389 19.550231539566546
9.80851118191017 19.591444349404377
9.854894096240294 19.613946644419293
9.684509809734038 19.649378596424153
10.184117364642686 19.690837134452945
9.811088918825352 19.679150437017682
10.05690442602639 19.75010892545258
9.44497749692539 19.81971343854098
9.985327635166298 19.822631138820153
