0.00632 4.09
0.02731 4.9671
0.02729 4.9671
0.03237 6.0622
0.06905 6.0622
0.02985 6.0622
0.08829 5.5605
0.14455 5.9505
0.21124 6.0821
0.17004 6.5921
0.22489 6.3467
0.11747 6.2267
0.09378 5.4509
0.62976 4.7075
0.63796 4.4619
0.62739 4.4986
1.05393 4.4986
0.7842 4.2579
0.80271 3.7965
0.7258 3.7965
1.25179 3.7979
0.85204 4.0123
1.23247 3.9769
0.98843 4.0952
0.75026 4.3996
0.84054 4.4546
0.67191 4.682
0.95577 4.4534
0.77299 4.4547
1.00245 4.239
1.13081 4.233
1.35472 4.175
1.38799 3.99
1.15172 3.7872
1.61282 3.7598
0.06417 3.3603
0.09744 3.3779
0.08014 3.9342
0.17505 3.8473
0.02763 5.4011
0.03359 5.4011
0.12744 5.7209
0.1415 5.7209
0.15936 5.7209
0.12269 5.7209
0.17142 5.1004
0.18836 5.1004
0.22927 5.6894
0.25387 5.87
0.21977 6.0877
0.08873 6.8147
0.04337 6.8147
0.0536 6.8147
0.04981 6.8147
0.0136 7.3197
0.01311 8.6966
0.02055 9.1876
0.01432 8.3248
0.15445 7.8148
0.10328 6.932
0.14932 7.2254
0.17171 6.8185
0.11027 7.2255
0.1265 7.9809
0.01951 9.2229
0.03584 6.6115
0.04379 6.6115
0.05789 6.498
0.13554 6.498
0.12816 6.498
0.08826 5.2873
0.15876 5.2873
0.09164 5.2873
0.19539 5.2873
0.07896 4.2515
0.09512 4.5026
0.10153 4.0522
0.08707 4.0905
0.05646 5.0141
0.08387 4.5026
0.04113 5.4007
0.04462 5.4007
0.03659 5.4007
0.03551 5.4007
0.05059 4.7794
0.05735 4.4377
0.05188 4.4272
0.07151 3.7476
0.0566 3.4217
0.05302 3.4145
0.04684 3.0923
0.03932 3.0921
0.04203 3.6659
0.02875 3.6659
0.04294 3.615
0.12204 3.4952
0.11504 3.4952
0.12083 3.4952
0.08187 3.4952
0.0686 3.4952
0.14866 2.7778
0.11432 2.8561
0.22876 2.7147
0.21161 2.7147
0.1396 2.421
0.13262 2.1069
0.1712 2.211
0.13117 2.1224
0.12802 2.4329
0.26363 2.5451
0.10793 2.7778
0.10084 2.6775
0.12329 2.3534
0.22212 2.548
0.14231 2.2565
0.17134 2.4631
0.13158 2.7301
0.15098 2.7474
0.13058 2.4775
0.14476 2.7592
0.06899 2.2577
0.07165 2.1974
0.09299 2.0869
0.15038 1.9444
0.09849 2.0063
0.16902 1.9929
0.38735 1.7572
0.25915 1.7883
0.32543 1.8125
0.88125 1.9799
0.34006 2.1185
1.19294 2.271
0.59005 2.3274
0.32982 2.4699
0.97617 2.346
0.55778 2.1107
0.32264 1.9669
0.35233 1.8498
0.2498 1.6686
0.54452 1.6687
0.2909 1.6119
1.62864 1.4394
3.32105 1.3216
4.0974 1.4118
2.77974 1.3459
2.37934 1.4191
2.15505 1.5166
2.36862 1.4608
2.33099 1.5296
2.73397 1.5257
1.6566 1.618
1.49632 1.5916
1.12658 1.6102
2.14918 1.6232
1.41385 1.7494
3.53501 1.7455
2.44668 1.7364
1.22358 1.8773
1.34284 1.7573
1.42502 1.7659
1.27346 1.7984
1.46336 1.9709
1.83377 2.0407
1.51902 2.162
2.24236 2.422
2.924 2.2834
2.01019 2.0459
1.80028 2.4259
2.3004 2.1
2.44953 2.2625
1.20742 2.4259
2.3139 2.3887
0.13914 2.5961
0.09178 2.6463
0.08447 2.7019
0.06664 3.1323
0.07022 3.5549
0.05425 3.3175
0.06642 2.9153
0.0578 2.829
0.06588 2.741
0.06888 2.5979
0.09103 2.7006
0.10008 2.847
0.08308 2.9879
0.06047 3.2797
0.05602 3.1992
0.07875 3.7886
0.12579 4.5667
0.0837 4.5667
0.09068 6.4798
0.06911 6.4798
0.08664 6.4798
0.02187 6.2196
0.01439 6.2196
0.01381 5.6484
0.04011 7.309
0.04666 7.309
0.03768 7.309
0.0315 7.6534
0.01778 7.6534
0.03445 6.27
0.02177 6.27
0.0351 5.118
0.02009 5.118
0.13642 3.9454
0.22969 4.3549
0.25199 4.3549
0.13587 4.2392
0.43571 3.875
0.17446 3.8771
0.37578 3.665
0.21719 3.6526
0.14052 3.9454
0.28955 3.5875
0.19802 3.9454
0.0456 3.1121
0.07013 3.4211
0.11069 2.8893
0.11425 3.3633
0.35809 2.8617
0.40771 3.048
0.62356 3.2721
0.6147 3.2721
0.31533 2.8944
0.52693 2.8944
0.38214 3.2157
0.41238 3.2157
0.29819 3.3751
0.44178 3.3751
0.537 3.6715
0.46296 3.6715
0.57529 3.8384
0.33147 3.6519
0.44791 3.6519
0.33045 3.6519
0.52058 4.148
0.51183 4.148
0.08244 6.1899
0.09252 6.1899
0.11329 6.3361
0.10612 6.3361
0.1029 7.0355
0.12757 7.0355
0.20608 7.9549
0.19133 7.9549
0.33983 8.0555
0.19657 8.0555
0.16439 7.8265
0.19073 7.8265
0.1403 7.3967
0.21409 7.3967
0.08221 8.9067
0.36894 8.9067
0.04819 9.2203
0.03548 9.2203
0.01538 6.3361
0.61154 1.801
0.66351 1.8946
0.65665 2.0107
0.54011 2.1121
0.53412 2.1398
0.52014 2.2885
0.82526 2.0788
0.55007 1.9301
0.76162 1.9865
0.7857 2.1329
0.57834 2.4216
0.5405 2.872
0.09065 3.9175
0.29916 4.429
0.16211 4.429
0.1146 3.9175
0.22188 4.3665
0.05644 4.0776
0.09604 4.2673
0.10469 4.7872
0.06127 4.8628
0.07978 4.1403
0.21038 4.1007
0.03578 4.6947
0.03705 5.2447
0.06129 5.2119
0.01501 5.885
0.00906 7.3073
0.01096 7.3073
0.01965 9.0892
0.03871 7.3172
0.0459 7.3172
0.04297 7.3172
0.03502 5.1167
0.07886 5.1167
0.03615 5.1167
0.08265 5.5027
0.08199 5.5027
0.12932 5.9604
0.05372 5.9604
0.14103 6.32
0.06466 7.8278
0.05561 7.8278
0.04417 7.8278
0.03537 5.4917
0.09266 5.4917
0.1 5.4917
0.05515 4.022
0.05479 3.37
0.07503 3.0992
0.04932 3.1827
0.49298 3.3175
0.3494 3.1025
2.63548 2.5194
0.79041 2.6403
0.26169 2.834
0.26938 3.2628
0.3692 3.6023
0.25356 3.945
0.31827 3.9986
0.24522 4.0317
0.40202 3.5325
0.47547 4.0019
0.1676 4.5404
0.18159 4.5404
0.35114 4.7211
0.28392 4.7211
0.34109 4.7211
0.19186 5.4159
0.30347 5.4159
0.24103 5.4159
0.06617 5.2146
0.06724 5.2146
0.04544 5.8736
0.05023 6.6407
0.03466 6.6407
0.05083 6.4584
0.03738 6.4584
0.03961 5.9853
0.03427 5.2311
0.03041 5.615
0.03306 4.8122
0.05497 4.8122
0.06151 4.8122
0.01301 7.0379
0.02498 6.2669
0.02543 5.7321
0.03049 6.4654
0.03113 8.0136
0.06162 8.0136
0.0187 8.5353
0.01501 8.344
0.02899 8.7921
0.06211 8.7921
0.0795 10.7103
0.07244 10.7103
0.01709 12.1265
0.04301 10.5857
0.10659 10.5857
8.98296 2.1222
3.8497 2.5052
5.20177 2.7227
4.26131 2.5091
4.54192 2.5182
3.83684 2.2955
3.67822 2.1036
4.22239 1.9047
3.47428 1.9047
4.55587 1.6132
3.69695 1.7523
13.5222 1.5106
4.89822 1.3325
5.66998 1.3567
6.53876 1.2024
9.2323 1.1691
8.26725 1.1296
11.1081 1.1742
18.4982 1.137
19.6091 1.3163
15.288 1.3449
9.82349 1.358
23.6482 1.3861
17.8667 1.3861
88.9762 1.4165
15.8744 1.5192
9.18702 1.5804
7.99248 1.5331
20.0849 1.4395
16.8118 1.4261
24.3938 1.4672
22.5971 1.5184
14.3337 1.5895
8.15174 1.7281
6.96215 1.9265
5.29305 2.1678
11.5779 1.77
8.64476 1.7912
13.3598 1.7821
8.71675 1.7257
5.87205 1.6768
7.67202 1.6334
38.3518 1.4896
9.91655 1.5004
25.0461 1.5888
14.2362 1.5741
9.59571 1.639
24.8017 1.7028
41.5292 1.6074
67.9208 1.4254
20.7162 1.1781
11.9511 1.2852
7.40389 1.4547
14.4383 1.4655
51.1358 1.413
14.0507 1.5275
18.811 1.5539
28.6558 1.5894
45.7461 1.6582
18.0846 1.8347
10.8342 1.8195
25.9406 1.6475
73.5341 1.8026
11.8123 1.794
11.0874 1.8589
7.02259 1.8746
12.0482 1.9512
7.05042 2.0218
8.79212 2.0635
15.8603 1.9096
12.2472 1.9976
37.6619 1.8629
7.36711 1.9356
9.33889 1.9682
8.49213 2.0527
10.0623 2.0882
6.44405 2.2004
5.58107 2.3158
13.9134 2.2222
11.1604 2.1247
14.4208 2.0026
15.1772 1.9142
13.6781 1.8206
9.39063 1.8172
22.0511 1.8662
9.72418 2.0651
5.66637 2.0048
9.96654 1.9784
12.8023 1.8956
0.6718 1.9879
6.28807 2.072
9.92485 2.198
9.32909 2.2616
7.52601 2.185
6.71772 2.3236
5.44114 2.3552
5.09017 2.3682
8.24809 2.4527
9.51363 2.4961
4.75237 2.4358
4.66883 2.5806
8.20058 2.7792
7.75223 2.7831
6.80117 2.7175
4.81213 2.5975
3.69311 2.5671
6.65492 2.7344
5.82115 2.8016
7.83932 2.9634
3.1636 3.0665
3.77498 2.8715
4.42228 2.5403
15.5757 2.9084
13.0751 2.8237
4.34879 3.0334
4.03841 3.0993
3.56868 2.8965
4.64689 2.5329
8.05579 2.4298
6.39312 2.206
4.87141 2.3053
15.0234 2.1007
10.233 2.1705
14.3337 1.9512
5.82401 3.4242
5.70818 3.3317
5.73116 3.4106
2.81838 4.0983
2.37857 3.724
3.67367 3.9917
5.69175 3.5459
4.83567 3.1523
0.15086 1.8209
0.18337 1.7554
0.20746 1.8226
0.10574 1.8681
0.11132 2.1099
0.17331 2.3817
0.27957 2.3817
0.17899 2.7986
0.2896 2.7986
0.26838 2.8927
0.23912 2.4091
0.17783 2.3999
0.22438 2.4982
0.06263 2.4786
0.04527 2.2875
0.06076 2.1675
0.10959 2.3889
0.04741 2.505
