	X1	X2	S1	S2	S3	S4	Z	F	
S1	7.00	11.00	1.00	0.00	0.00	0.00	0.00	77.00	
S2	10.00	8.00	0.00	1.00	0.00	0.00	0.00	80.00	
S3	1.50	0.00	0.00	0.00	1.00	0.00	0.00	5.40	
S4	0.00	1.00	0.00	0.00	0.00	1.00	0.00	6.00	
Z	-150.00	-175.00	0.00	0.00	0.00	0.00	1.00	0.00	

	X1	X2	S1	S2	S3	S4	Z	F	
S1	7.00	0.00	1.00	0.00	0.00	-11.00	0.00	11.00	
S2	10.00	0.00	0.00	1.00	0.00	-8.00	0.00	32.00	
S3	1.50	0.00	0.00	0.00	1.00	0.00	0.00	5.40	
X2	0.00	1.00	0.00	0.00	0.00	1.00	0.00	6.00	
Z	-150.00	0.00	0.00	0.00	0.00	175.00	1.00	1050.00	

	X1	X2	S1	S2	S3	S4	Z	F	
X1	1.00	0.00	0.14	0.00	0.00	-1.57	0.00	1.57	
S2	0.00	0.00	-1.43	1.00	0.00	7.71	0.00	16.29	
S3	0.00	0.00	-0.21	0.00	1.00	2.36	0.00	3.04	
X2	0.00	1.00	0.00	0.00	0.00	1.00	0.00	6.00	
Z	0.00	0.00	21.43	0.00	0.00	-60.71	1.00	1285.71	

	X1	X2	S1	S2	S3	S4	Z	F	
X1	1.00	0.00	0.00	0.00	0.67	0.00	0.00	3.60	
S2	0.00	0.00	-0.73	1.00	-3.27	0.00	0.00	6.33	
S4	0.00	0.00	-0.09	0.00	0.42	1.00	0.00	1.29	
X2	0.00	1.00	0.09	0.00	-0.42	0.00	0.00	4.71	
Z	0.00	0.00	15.91	0.00	25.76	0.00	1.00	1364.09	


X1 : 3.60
X2 : 4.71
Maximum Value : 1364.09
