10 42
9 2 180.687
3 7 58.1742
1 6 52.0921
2 6 198.541
2 8 193.972
2 5 158.612
9 3 24.0867
1 5 18.0552
10 7 157.402
9 10 98.2509
7 8 2.32089
4 9 38.4445
7 4 150.337
5 4 81.528
7 2 30.0933
4 8 158.442
1 4 51.7692
9 1 25.5684
1 10 163.809
9 7 20.6625
10 5 2.06145
7 5 20.8088
4 3 151.931
1 8 2.47046
8 10 149.711
8 7 -4.42222
2 7 19.3945
6 4 174.735
6 9 40.8814
9 6 187.715
9 5 191.655
8 2 42.182
3 9 167.347
10 3 63.1519
3 1 185.499
3 4 181.01
2 9 46.4722
8 5 197.429
4 1 165.32
8 6 116.873
6 8 183.025
7 3 134.363
1
2
6
7
4 7 2
4 5 3
1
3
7
8