Graph Created!

APSP Matrices Cleared

Floyd Warshall Algorithm Implemented


Distance Matrix:
0.00	201.41	552.96	302.56	135.64	216.57	615.31	655.17	483.68	
497.00	0.00	351.55	101.16	496.40	150.62	470.18	589.23	309.85	
374.39	-2.58	0.00	98.57	493.82	148.04	467.60	586.65	307.27	
680.87	308.10	371.58	0.00	534.85	82.80	369.03	503.42	208.70	
791.52	508.34	510.92	609.49	0.00	619.38	479.67	614.06	348.03	
616.06	225.30	576.85	326.45	721.70	0.00	695.48	438.61	535.15	
311.85	155.13	405.63	256.29	193.07	305.76	0.00	134.39	242.75	
177.45	378.86	409.52	480.02	313.10	394.02	792.77	0.00	661.13	
537.28	160.30	162.89	261.46	326.15	271.34	337.76	472.15	0.00	


Predecessor Matrix:
NIL	1	2	2	1	1	5	6	5	
2	NIL	2	2	2	2	4	6	4	
3	3	NIL	2	2	2	4	6	4	
8	6	9	NIL	9	4	4	7	4	
8	3	9	2	NIL	9	5	7	5	
8	6	2	2	2	NIL	4	6	4	
8	7	9	2	7	2	NIL	7	7	
8	1	8	2	1	1	5	NIL	5	
3	3	9	2	9	9	9	7	NIL	

Shortest Path Weight: 201.41
1	 --> 2(201.41)	

Shortest Path Weight: 510.92
5	 --> 9(348.03)	 --> 3(162.89)	

Johnson's Algorithm Implemented


Distance Matrix:
0.00	201.41	552.96	302.56	135.64	216.57	615.31	655.17	483.68	
497.00	0.00	351.55	101.16	496.40	150.62	470.18	589.23	309.85	
374.39	-2.58	0.00	98.57	493.82	148.04	467.60	586.65	307.27	
680.87	308.10	371.58	0.00	534.85	82.80	369.03	503.42	208.70	
791.52	508.34	510.92	609.49	0.00	619.38	479.67	614.06	348.03	
616.06	225.30	576.85	326.45	721.70	0.00	695.48	438.61	535.15	
311.85	155.13	405.63	256.29	193.07	305.76	0.00	134.39	242.75	
177.45	378.86	409.52	480.02	313.10	394.02	792.77	0.00	661.13	
537.28	160.30	162.89	261.46	326.15	271.34	337.76	472.15	0.00	


Predecessor Matrix:
NIL	1	2	2	1	1	5	6	5	
2	NIL	2	2	2	2	4	6	4	
3	3	NIL	2	2	2	4	6	4	
8	6	9	NIL	9	4	4	7	4	
8	3	9	2	NIL	9	5	7	5	
8	6	2	2	2	NIL	4	6	4	
8	7	9	2	7	2	NIL	7	7	
8	1	8	2	1	1	5	NIL	5	
3	3	9	2	9	9	9	7	NIL	

Shortest Path Weight: 201.41
1	 --> 2(201.41)	

Shortest Path Weight: 510.92
5	 --> 9(348.03)	 --> 3(162.89)	

