Graph Created!

APSP Matrices Cleared

Floyd Warshall Algorithm Implemented


Distance Matrix:
-118.00	-157.00	-120.00	-106.00	-164.00	-85.00	-171.00	-180.00	-201.00	-327.00	
-113.00	-152.00	-115.00	-101.00	-159.00	-80.00	-166.00	-175.00	-196.00	-322.00	
-80.00	-119.00	-82.00	-68.00	-126.00	-47.00	-133.00	-142.00	-163.00	-289.00	
-90.00	-129.00	-92.00	-78.00	-136.00	-57.00	-143.00	-152.00	-173.00	-299.00	
-32.00	-71.00	-34.00	-20.00	-78.00	1.00	-85.00	-94.00	-115.00	-241.00	
-88.00	-127.00	-90.00	-76.00	-134.00	-55.00	-141.00	-150.00	-171.00	-297.00	
-118.00	-157.00	-120.00	-106.00	-164.00	-85.00	-171.00	-180.00	-201.00	-327.00	
-133.00	-172.00	-135.00	-121.00	-179.00	-100.00	-186.00	-195.00	-216.00	-342.00	
-184.00	-223.00	-186.00	-172.00	-230.00	-151.00	-237.00	-246.00	-267.00	-393.00	
-325.00	-364.00	-327.00	-313.00	-371.00	-292.00	-378.00	-387.00	-408.00	-534.00	


Predecessor Matrix:
9	7	9	5	7	1	8	7	2	8	
9	7	9	5	7	1	8	7	2	8	
9	7	9	5	7	1	8	7	2	8	
9	7	9	5	7	1	8	7	2	8	
9	7	9	5	7	1	8	7	2	8	
9	7	9	5	7	1	8	7	2	8	
9	7	9	5	7	1	8	7	2	8	
9	7	9	5	7	1	8	7	2	8	
9	7	9	5	7	1	8	7	2	8	
9	7	9	5	7	1	8	7	2	8	

Johnson's Algorithm Implemented
Negative Cycle Detected!

