Graph Created!

APSP Matrices Cleared

Johnson's Algorithm Implemented


Distance Matrix:
0.00	407.25	155.36	425.72	325.68	281.05	472.62	264.85	538.15	529.97	458.04	649.28	381.79	619.08	541.82	634.47	162.34	317.45	596.28	274.12	326.75	487.48	568.48	863.25	504.71	
248.07	0.00	403.43	323.29	302.03	346.95	65.37	305.82	517.78	122.72	50.79	301.68	275.26	385.86	361.36	227.22	138.69	136.98	189.03	395.11	367.72	80.23	161.23	456.00	97.46	
352.26	435.82	0.00	270.37	170.32	125.69	399.66	550.16	382.79	537.49	486.61	493.93	281.53	463.73	386.46	595.32	6.98	162.09	523.31	173.86	458.01	396.31	582.29	772.08	422.57	
320.72	165.45	476.08	0.00	442.62	180.17	175.55	471.27	683.23	288.17	216.25	467.14	249.99	268.76	378.11	392.67	279.28	302.44	299.20	142.32	426.47	190.41	326.68	566.18	262.91	
412.03	382.19	472.08	452.85	0.00	217.56	229.34	409.39	672.57	476.90	404.97	353.16	131.48	540.65	624.42	454.55	286.09	441.20	352.99	265.73	471.30	240.04	426.01	615.81	252.25	
226.57	412.77	381.92	477.20	552.24	0.00	312.88	424.47	764.71	535.49	463.56	368.23	155.83	338.03	504.74	469.62	388.90	451.49	436.53	48.17	332.32	270.62	456.59	646.39	510.23	
182.69	157.01	338.05	480.29	381.01	386.55	0.00	396.69	674.78	279.73	207.80	458.69	209.89	355.67	518.37	304.05	277.82	293.99	123.65	434.72	387.64	14.86	200.83	390.63	254.47	
451.09	532.83	372.87	367.38	346.12	498.56	542.93	0.00	755.66	477.78	405.85	577.71	423.86	556.19	405.45	582.28	182.78	181.08	666.59	509.70	61.90	506.39	350.66	882.16	452.52	
387.78	420.25	543.14	592.32	343.89	385.72	485.63	599.07	0.00	154.69	471.04	697.05	475.37	568.11	630.39	506.43	407.72	406.01	609.28	433.89	286.84	500.49	575.59	876.26	517.71	
457.59	265.56	612.95	588.84	189.19	231.02	330.93	444.38	599.59	0.00	316.35	542.35	320.67	569.06	626.91	351.74	404.25	402.54	454.58	279.19	506.28	345.79	426.79	721.56	363.02	
472.96	337.49	524.69	272.49	251.24	302.95	290.26	269.06	466.98	71.93	0.00	250.89	328.98	335.07	310.57	176.42	87.90	86.19	413.92	351.12	330.97	305.12	257.86	680.89	46.67	
222.07	196.38	377.42	423.62	215.15	140.92	39.37	56.23	714.16	319.10	247.17	0.00	249.26	395.04	461.69	101.39	239.02	237.31	163.03	189.08	118.14	54.23	240.21	430.00	293.84	
339.74	256.94	495.10	321.37	538.05	486.48	157.04	553.73	774.71	379.66	307.73	558.62	0.00	512.71	492.94	461.09	395.62	393.92	280.70	463.69	544.68	114.79	300.76	490.56	354.40	
138.16	336.86	293.51	482.06	463.83	419.21	179.85	403.00	676.31	459.58	387.65	638.54	389.74	0.00	679.98	483.90	300.50	455.60	303.50	412.28	464.91	194.71	380.68	570.48	434.32	
288.89	464.30	444.25	519.34	387.94	429.77	330.58	226.79	798.34	198.75	515.09	655.31	296.75	150.74	0.00	550.48	334.74	333.03	454.24	477.94	213.86	345.44	502.61	721.21	451.09	
473.52	447.83	465.51	460.02	113.77	331.32	290.82	92.64	786.33	407.84	335.91	251.45	245.25	646.49	498.09	0.00	172.59	273.72	414.48	379.49	154.54	305.68	443.30	681.45	366.02	
473.41	506.86	436.79	341.41	163.34	360.22	392.67	572.73	819.58	568.78	496.85	516.50	294.82	530.22	379.48	617.89	0.00	155.11	516.33	408.39	593.34	403.38	589.35	779.15	415.59	
475.11	351.76	438.50	186.30	165.04	361.93	361.85	451.17	821.29	423.12	402.55	518.20	242.78	375.11	224.38	578.97	1.71	0.00	485.51	328.62	438.23	357.57	512.99	733.34	417.30	
59.04	416.84	214.40	484.76	257.36	312.39	411.86	273.04	597.19	539.56	467.63	431.85	308.63	232.01	600.86	180.40	221.38	376.49	0.00	333.16	263.98	423.42	126.68	799.19	431.52	
178.40	364.60	333.75	429.03	504.08	37.85	264.71	443.24	716.55	487.32	415.39	406.09	107.67	375.88	456.57	507.47	340.74	403.32	388.36	0.00	284.15	222.45	408.43	598.22	462.06	
594.29	470.93	310.96	305.48	284.22	436.66	481.03	570.34	693.76	415.88	343.95	515.81	361.96	494.29	343.55	520.38	120.88	119.17	604.68	447.80	0.00	476.75	288.75	852.52	390.62	
224.95	142.15	380.31	465.43	423.27	371.69	42.26	438.95	659.92	264.87	192.94	443.83	195.03	397.93	503.51	346.31	280.84	279.13	165.91	419.86	429.89	0.00	185.97	375.77	239.61	
412.28	598.48	358.82	629.19	529.14	185.72	498.59	610.18	741.61	721.20	649.28	553.95	341.55	523.75	690.46	655.34	365.80	520.91	622.25	233.88	518.03	456.34	0.00	832.11	695.95	
428.63	470.23	375.16	581.46	462.14	202.06	379.12	395.99	555.84	592.95	521.02	339.75	357.89	423.93	619.54	441.14	298.81	395.16	502.78	250.23	457.89	393.98	16.34	0.00	135.53	
426.29	400.60	570.01	504.69	326.62	345.14	243.59	260.46	420.31	523.32	451.39	204.22	453.48	288.40	542.76	305.61	163.28	318.38	367.25	393.31	322.36	258.45	211.19	634.22	0.00	


Predecessor Matrix:
NIL	1	1	3	17	3	2	1	3	11	2	6	20	6	18	11	3	17	7	1	8	7	2	22	11	
19	NIL	1	18	17	23	2	2	25	11	2	25	22	25	18	11	18	11	7	6	8	7	2	22	11	
20	4	NIL	3	17	3	5	12	3	9	2	6	20	6	18	12	3	17	7	6	20	13	22	22	5	
20	4	1	NIL	17	20	4	2	25	11	2	25	20	4	4	11	4	11	7	4	20	7	2	22	11	
19	22	5	13	NIL	5	5	12	25	11	5	5	5	25	13	12	5	17	7	6	8	5	22	22	5	
20	22	1	13	17	NIL	22	12	3	11	2	6	20	6	20	12	3	21	7	6	20	13	22	22	11	
19	22	1	18	19	23	NIL	16	25	11	2	25	22	19	18	19	7	11	7	6	19	7	22	22	11	
8	4	21	18	17	3	4	NIL	3	11	21	21	18	15	18	11	18	21	7	4	8	8	21	22	11	
9	10	1	18	10	10	2	16	NIL	9	2	5	5	9	18	10	18	21	7	6	9	7	21	22	11	
20	10	1	18	10	10	2	16	10	NIL	2	5	5	6	18	10	18	11	7	6	8	7	2	22	11	
19	10	17	18	17	10	12	16	25	11	NIL	25	18	25	18	11	18	11	7	6	8	7	25	22	11	
19	22	1	18	16	12	12	12	25	11	2	NIL	22	19	18	12	18	21	7	6	8	7	22	22	11	
19	22	1	13	19	23	22	16	25	11	2	25	NIL	19	13	19	18	11	7	4	19	13	22	22	11	
14	22	1	14	17	3	14	1	3	11	2	25	22	NIL	18	19	3	17	7	1	8	7	22	22	11	
14	10	1	18	10	10	14	15	10	15	2	25	15	15	NIL	10	18	21	7	6	15	7	21	22	15	
19	22	21	18	16	5	12	16	25	11	16	16	5	19	18	NIL	16	21	7	6	8	7	21	22	5	
17	4	17	18	17	17	5	12	3	11	17	5	5	15	18	12	NIL	17	7	6	15	5	22	22	5	
17	4	17	18	17	17	4	15	3	15	2	5	18	15	18	11	18	NIL	7	4	15	13	2	22	5	
19	19	1	3	19	23	14	16	3	11	2	16	19	19	18	19	3	17	NIL	1	19	13	19	22	19	
20	22	1	13	17	20	22	1	3	11	2	6	20	6	20	12	3	21	7	NIL	20	13	22	22	11	
17	4	21	18	17	3	4	15	3	11	21	21	18	15	18	11	18	21	7	4	NIL	13	21	22	11	
19	22	1	18	19	23	22	16	25	11	2	25	22	19	18	19	18	11	7	6	19	NIL	22	22	11	
20	22	23	3	17	23	22	12	3	11	2	6	20	6	20	12	3	17	7	6	20	13	NIL	22	11	
20	24	23	18	17	23	12	12	25	11	2	25	20	25	18	12	25	24	7	6	8	7	24	NIL	24	
19	22	23	18	17	12	12	12	25	11	2	25	22	25	18	12	25	17	7	6	8	7	25	22	NIL	

Shortest Path Weight: 157.01
7	 --> 22(14.86)	 --> 2(142.15)	

Shortest Path Weight: 472.08
5	 --> 3(472.08)	

Shortest Path Weight: 516.50
17	 --> 5(163.34)	 --> 12(353.16)	

Shortest Path Weight: 229.34
5	 --> 7(229.34)	

Shortest Path Weight: 674.78
7	 --> 22(14.86)	 --> 2(142.15)	 --> 11(50.79)	 --> 25(46.67)	 --> 9(420.32)	

Shortest Path Weight: 375.16
24	 --> 23(16.34)	 --> 3(358.82)	

APSP Matrices Cleared

Floyd Warshall Algorithm Implemented


Distance Matrix:
0.00	407.25	155.36	425.72	325.68	281.05	472.62	264.85	538.15	529.97	458.04	649.28	381.79	619.08	541.82	634.47	162.34	317.45	596.28	274.12	326.75	487.48	568.48	863.25	504.71	
248.07	0.00	403.43	323.29	302.03	346.95	65.37	305.82	517.78	122.72	50.79	301.68	275.26	385.86	361.36	227.22	138.69	136.98	189.03	395.11	367.72	80.23	161.23	456.00	97.46	
352.26	435.82	0.00	270.37	170.32	125.69	399.66	550.16	382.79	537.49	486.61	493.93	281.53	463.73	386.46	595.32	6.98	162.09	523.31	173.86	458.01	396.31	582.29	772.08	422.57	
320.72	165.45	476.08	0.00	442.62	180.17	175.55	471.27	683.23	288.17	216.25	467.14	249.99	268.76	378.11	392.67	279.28	302.44	299.20	142.32	426.47	190.41	326.68	566.18	262.91	
412.03	382.19	472.08	452.85	0.00	217.56	229.34	409.39	672.57	476.90	404.97	353.16	131.48	540.65	624.42	454.55	286.09	441.20	352.99	265.73	471.30	240.04	426.01	615.81	252.25	
226.57	412.77	381.92	477.20	552.24	0.00	312.88	424.47	764.71	535.49	463.56	368.23	155.83	338.03	504.74	469.62	388.90	451.49	436.53	48.17	332.32	270.62	456.59	646.39	510.23	
182.69	157.01	338.05	480.29	381.01	386.55	0.00	396.69	674.78	279.73	207.80	458.69	209.89	355.67	518.37	304.05	277.82	293.99	123.65	434.72	387.64	14.86	200.83	390.63	254.47	
451.09	532.83	372.87	367.38	346.12	498.56	542.93	0.00	755.66	477.78	405.85	577.71	423.86	556.19	405.45	582.28	182.78	181.08	666.59	509.70	61.90	506.39	350.66	882.16	452.52	
387.78	420.25	543.14	592.32	343.89	385.72	485.63	599.07	0.00	154.69	471.04	697.05	475.37	568.11	630.39	506.43	407.72	406.01	609.28	433.89	286.84	500.49	575.59	876.26	517.71	
457.59	265.56	612.95	588.84	189.19	231.02	330.93	444.38	599.59	0.00	316.35	542.35	320.67	569.06	626.91	351.74	404.25	402.54	454.58	279.19	506.28	345.79	426.79	721.56	363.02	
472.96	337.49	524.69	272.49	251.24	302.95	290.26	269.06	466.98	71.93	0.00	250.89	328.98	335.07	310.57	176.42	87.90	86.19	413.92	351.12	330.97	305.12	257.86	680.89	46.67	
222.07	196.38	377.42	423.62	215.15	140.92	39.37	56.23	714.16	319.10	247.17	0.00	249.26	395.04	461.69	101.39	239.02	237.31	163.03	189.08	118.14	54.23	240.21	430.00	293.84	
339.74	256.94	495.10	321.37	538.05	486.48	157.04	553.73	774.71	379.66	307.73	558.62	0.00	512.71	492.94	461.09	395.62	393.92	280.70	463.69	544.68	114.79	300.76	490.56	354.40	
138.16	336.86	293.51	482.06	463.83	419.21	179.85	403.00	676.31	459.58	387.65	638.54	389.74	0.00	679.98	483.90	300.50	455.60	303.50	412.28	464.91	194.71	380.68	570.48	434.32	
288.89	464.30	444.25	519.34	387.94	429.77	330.58	226.79	798.34	198.75	515.09	655.31	296.75	150.74	0.00	550.48	334.74	333.03	454.24	477.94	213.86	345.44	502.61	721.21	451.09	
473.52	447.83	465.51	460.02	113.77	331.32	290.82	92.64	786.33	407.84	335.91	251.45	245.25	646.49	498.09	0.00	172.59	273.72	414.48	379.49	154.54	305.68	443.30	681.45	366.02	
473.41	506.86	436.79	341.41	163.34	360.22	392.67	572.73	819.58	568.78	496.85	516.50	294.82	530.22	379.48	617.89	0.00	155.11	516.33	408.39	593.34	403.38	589.35	779.15	415.59	
475.11	351.76	438.50	186.30	165.04	361.93	361.85	451.17	821.29	423.12	402.55	518.20	242.78	375.11	224.38	578.97	1.71	0.00	485.51	328.62	438.23	357.57	512.99	733.34	417.30	
59.04	416.84	214.40	484.76	257.36	312.39	411.86	273.04	597.19	539.56	467.63	431.85	308.63	232.01	600.86	180.40	221.38	376.49	0.00	333.16	263.98	423.42	126.68	799.19	431.52	
178.40	364.60	333.75	429.03	504.08	37.85	264.71	443.24	716.55	487.32	415.39	406.09	107.67	375.88	456.57	507.47	340.74	403.32	388.36	0.00	284.15	222.45	408.43	598.22	462.06	
594.29	470.93	310.96	305.48	284.22	436.66	481.03	570.34	693.76	415.88	343.95	515.81	361.96	494.29	343.55	520.38	120.88	119.17	604.68	447.80	0.00	476.75	288.75	852.52	390.62	
224.95	142.15	380.31	465.43	423.27	371.69	42.26	438.95	659.92	264.87	192.94	443.83	195.03	397.93	503.51	346.31	280.84	279.13	165.91	419.86	429.89	0.00	185.97	375.77	239.61	
412.28	598.48	358.82	629.19	529.14	185.72	498.59	610.18	741.61	721.20	649.28	553.95	341.55	523.75	690.46	655.34	365.80	520.91	622.25	233.88	518.03	456.34	0.00	832.11	695.95	
428.63	470.23	375.16	581.46	462.14	202.06	379.12	395.99	555.84	592.95	521.02	339.75	357.89	423.93	619.54	441.14	298.81	395.16	502.78	250.23	457.89	393.98	16.34	0.00	135.53	
426.29	400.60	570.01	504.69	326.62	345.14	243.59	260.46	420.31	523.32	451.39	204.22	453.48	288.40	542.76	305.61	163.28	318.38	367.25	393.31	322.36	258.45	211.19	634.22	0.00	


Predecessor Matrix:
NIL	1	1	3	17	3	2	1	3	11	2	6	20	6	18	11	3	17	7	1	8	7	2	22	11	
19	NIL	1	18	17	23	2	2	25	11	2	25	22	25	18	11	18	11	7	6	8	7	2	22	11	
20	4	NIL	3	17	3	5	12	3	9	2	6	20	6	18	12	3	17	7	6	20	13	22	22	5	
20	4	1	NIL	17	20	4	2	25	11	2	25	20	4	4	11	4	11	7	4	20	7	2	22	11	
19	22	5	13	NIL	5	5	12	25	11	5	5	5	25	13	12	5	17	7	6	8	5	22	22	5	
20	22	1	13	17	NIL	22	12	3	11	2	6	20	6	20	12	3	21	7	6	20	13	22	22	11	
19	22	1	18	19	23	NIL	16	25	11	2	25	22	19	18	19	7	11	7	6	19	7	22	22	11	
8	4	21	18	17	3	4	NIL	3	11	21	21	18	15	18	11	18	21	7	4	8	8	21	22	11	
9	10	1	18	10	10	2	16	NIL	9	2	5	5	9	18	10	18	21	7	6	9	7	21	22	11	
20	10	1	18	10	10	2	16	10	NIL	2	5	5	6	18	10	18	11	7	6	8	7	2	22	11	
19	10	17	18	17	10	12	16	25	11	NIL	25	18	25	18	11	18	11	7	6	8	7	25	22	11	
19	22	1	18	16	12	12	12	25	11	2	NIL	22	19	18	12	18	21	7	6	8	7	22	22	11	
19	22	1	13	19	23	22	16	25	11	2	25	NIL	19	13	19	18	11	7	4	19	13	22	22	11	
14	22	1	14	17	3	14	1	3	11	2	25	22	NIL	18	19	3	17	7	1	8	7	22	22	11	
14	10	1	18	10	10	14	15	10	15	2	25	15	15	NIL	10	18	21	7	6	15	7	21	22	15	
19	22	21	18	16	5	12	16	25	11	16	16	5	19	18	NIL	16	21	7	6	8	7	21	22	5	
17	4	17	18	17	17	5	12	3	11	17	5	5	15	18	12	NIL	17	7	6	15	5	22	22	5	
17	4	17	18	17	17	4	15	3	15	2	5	18	15	18	11	18	NIL	7	4	15	13	2	22	5	
19	19	1	3	19	23	14	16	3	11	2	16	19	19	18	19	3	17	NIL	1	19	13	19	22	19	
20	22	1	13	17	20	22	1	3	11	2	6	20	6	20	12	3	21	7	NIL	20	13	22	22	11	
17	4	21	18	17	3	4	15	3	11	21	21	18	15	18	11	18	21	7	4	NIL	13	21	22	11	
19	22	1	18	19	23	22	16	25	11	2	25	22	19	18	19	18	11	7	6	19	NIL	22	22	11	
20	22	23	3	17	23	22	12	3	11	2	6	20	6	20	12	3	17	7	6	20	13	NIL	22	11	
20	24	23	18	17	23	12	12	25	11	2	25	20	25	18	12	25	24	7	6	8	7	24	NIL	24	
19	22	23	18	17	12	12	12	25	11	2	25	22	25	18	12	25	17	7	6	8	7	25	22	NIL	

Shortest Path Weight: 157.01
7	 --> 22(14.86)	 --> 2(142.15)	

Shortest Path Weight: 472.08
5	 --> 3(472.08)	

Shortest Path Weight: 516.50
17	 --> 5(163.34)	 --> 12(353.16)	

Shortest Path Weight: 229.34
5	 --> 7(229.34)	

Shortest Path Weight: 674.78
7	 --> 22(14.86)	 --> 2(142.15)	 --> 11(50.79)	 --> 25(46.67)	 --> 9(420.32)	

Shortest Path Weight: 375.16
24	 --> 23(16.34)	 --> 3(358.82)	

