Graph Created!

APSP Matrices Cleared

Johnson's Algorithm Implemented


Distance Matrix:
0.00	913.39	1467.73	1329.48	1194.28	INF	813.50	264.85	1850.52	814.16	964.18	1567.19	1402.85	1858.32	1707.59	1668.58	1030.94	1029.24	787.40	1176.06	1051.38	771.24	914.07	INF	1014.35	
736.81	0.00	1318.53	416.09	1045.07	INF	1124.78	1001.65	1454.06	992.95	50.79	1276.66	489.46	944.94	794.20	1378.05	881.73	880.03	1524.20	558.41	760.85	1285.11	1508.52	INF	1297.32	
591.09	1330.97	0.00	270.37	953.85	INF	979.06	855.93	382.79	537.49	1381.77	1185.44	1804.90	799.21	648.48	1286.83	790.51	788.80	1378.48	412.69	669.63	1188.83	613.17	INF	789.52	
320.72	1092.88	984.14	0.00	710.69	INF	708.69	585.57	1037.97	576.86	1143.67	942.28	1561.74	528.85	378.11	1043.67	547.35	545.64	1108.12	142.32	426.47	950.73	1137.13	INF	925.93	
1119.00	382.19	1324.69	798.28	0.00	INF	282.30	1383.84	1707.48	1375.13	432.98	1282.83	871.65	1327.12	1176.39	1384.21	887.90	886.19	1906.39	940.60	767.02	240.04	463.44	INF	252.25	
226.57	998.72	889.99	1160.35	616.54	0.00	776.35	491.41	870.07	1024.77	1049.52	848.12	875.80	1438.18	1538.47	949.51	453.20	451.49	1013.96	48.17	332.32	856.58	1042.97	653.11	831.78	
891.09	1151.13	1042.39	1312.76	768.94	INF	0.00	1155.94	1425.18	1332.03	1201.92	1000.53	1619.99	1841.60	1690.87	1101.91	605.60	603.89	1678.49	1455.08	484.72	1008.98	1232.38	INF	1021.19	
1089.61	648.54	1202.89	1064.63	929.43	INF	548.65	0.00	1585.68	1492.53	699.33	1549.18	1138.00	1593.48	1442.74	1650.56	766.09	764.39	1877.01	911.21	1033.37	506.39	960.70	INF	749.50	
1370.89	948.18	844.51	1050.17	571.06	INF	747.96	996.67	0.00	154.69	998.98	802.65	1422.11	568.11	1428.29	904.03	407.72	406.01	1447.62	1192.49	286.84	806.03	1034.50	INF	823.31	
1530.30	793.49	1735.99	1209.58	1462.53	INF	693.60	1795.14	2118.78	0.00	844.28	1694.12	1282.95	1738.42	1587.69	1795.51	1299.20	1297.49	2317.69	1351.90	1178.32	651.34	1105.64	INF	894.45	
686.02	1458.17	1349.44	365.30	1075.99	INF	1073.99	950.86	1403.27	942.15	0.00	1307.58	438.67	894.14	743.41	1408.96	912.65	910.94	1473.41	507.62	791.77	1316.03	1502.42	INF	1291.23	
1255.52	597.34	1396.91	1013.43	215.15	INF	497.45	194.03	1779.70	404.20	648.13	0.00	619.46	1542.28	1391.54	101.39	960.12	958.41	2042.92	1105.24	982.17	455.19	547.79	INF	336.59	
636.06	1310.54	1201.80	1472.17	928.35	INF	1210.65	900.91	1584.59	1450.22	1361.33	1720.31	0.00	2001.02	1850.28	1821.70	765.01	920.12	1423.46	920.35	1204.50	1168.39	1150.92	INF	939.73	
802.78	1330.97	1222.24	482.06	948.79	INF	179.85	1067.63	1520.03	1058.92	1381.77	1180.38	1799.84	0.00	860.17	1281.76	785.45	783.74	879.51	624.38	664.57	1188.83	1006.18	INF	918.21	
953.52	880.27	771.53	632.80	498.08	INF	330.58	923.69	840.69	198.75	931.06	729.67	1349.13	150.74	0.00	831.06	334.74	333.03	1030.24	775.12	213.86	738.12	961.52	INF	750.33	
1182.25	495.95	1295.53	912.04	113.77	INF	396.06	92.64	1678.32	655.66	546.75	251.45	870.91	1440.89	1290.15	0.00	858.73	857.03	1969.65	1003.85	880.78	353.81	577.21	INF	366.02	
1027.88	545.53	436.79	707.16	163.34	INF	445.64	806.73	819.58	726.43	596.32	1446.16	1034.99	1236.01	1085.27	1547.55	0.00	155.11	1815.27	849.48	930.36	403.38	626.78	INF	415.59	
1029.58	547.23	438.50	708.86	165.04	INF	447.34	651.63	821.29	728.14	598.03	1447.87	1036.70	1237.71	1086.98	1549.26	1.71	0.00	1816.98	851.19	932.06	405.08	628.49	INF	417.30	
1412.74	930.39	821.66	1092.02	548.20	INF	830.50	973.82	1204.45	722.58	981.18	779.79	1399.25	1620.87	1470.13	881.18	384.86	383.16	0.00	1234.34	263.98	788.24	126.68	INF	431.52	
178.40	950.56	841.82	1112.19	568.37	INF	850.66	443.24	895.65	992.56	1001.35	799.96	1419.42	1463.76	1490.30	901.34	405.03	403.32	965.79	0.00	284.15	808.41	994.80	INF	783.61	
1148.76	666.41	557.67	828.04	284.22	INF	566.52	709.83	940.46	847.31	717.20	515.81	1135.27	1356.89	1206.15	617.20	120.88	119.17	1936.15	970.36	0.00	524.26	747.66	INF	536.47	
878.96	142.15	1084.65	558.24	811.20	INF	42.26	1143.80	1467.44	1135.09	192.94	1042.79	631.61	1087.08	936.35	1144.17	647.86	646.15	1666.35	700.56	526.98	0.00	454.30	INF	243.11	
1605.94	2378.09	2269.36	1285.22	1995.91	INF	1993.91	1870.78	2323.19	1862.07	919.92	2227.49	1358.59	1814.06	1663.33	2328.88	1832.57	1830.86	2393.33	1427.54	1711.69	2235.95	0.00	INF	2211.15	
596.07	942.39	464.96	735.33	560.20	INF	842.50	839.38	847.75	1002.45	993.19	998.19	1431.86	1264.17	1113.44	746.74	396.87	395.16	1383.47	417.67	701.82	800.24	1023.65	0.00	812.46	
1016.52	1788.68	1679.95	695.80	1406.49	INF	1404.50	1281.37	1733.78	1272.66	1131.11	1638.08	1569.78	1224.65	1073.92	1739.47	1243.16	1241.45	1803.92	838.13	1122.28	1646.53	211.19	INF	0.00	


Predecessor Matrix:
NIL	22	17	11	17	NIL	22	1	3	1	2	21	11	15	4	12	18	8	1	8	19	8	19	NIL	22	
20	NIL	17	11	17	NIL	14	1	20	15	2	21	11	15	4	12	18	21	1	4	2	5	25	NIL	5	
20	22	NIL	3	17	NIL	14	1	3	9	2	21	12	15	4	12	18	21	1	4	9	10	3	NIL	3	
20	22	17	NIL	17	NIL	14	1	20	15	2	21	12	15	4	12	18	21	1	4	20	5	25	NIL	20	
20	22	17	11	NIL	NIL	22	1	3	15	2	21	11	15	4	12	18	21	1	4	7	5	25	NIL	5	
20	22	17	3	17	NIL	6	1	6	9	2	21	6	9	4	12	18	21	1	6	20	5	25	6	20	
7	22	17	3	17	NIL	NIL	1	3	17	2	21	12	15	4	12	18	21	1	4	7	5	25	NIL	5	
20	22	17	11	17	NIL	22	NIL	3	17	2	21	11	15	4	12	18	8	1	8	7	8	25	NIL	22	
20	22	17	14	17	NIL	14	16	NIL	9	2	21	12	9	4	12	18	21	14	4	9	10	25	NIL	5	
20	22	17	11	17	NIL	22	1	3	NIL	2	21	11	15	4	12	18	21	1	4	7	10	25	NIL	22	
20	22	17	11	17	NIL	14	1	20	15	NIL	21	11	15	4	12	18	21	1	4	20	5	25	NIL	20	
13	22	17	11	16	NIL	22	16	3	12	2	NIL	12	15	4	12	18	8	1	8	7	5	25	NIL	12	
13	22	17	3	17	NIL	22	1	3	1	2	21	NIL	15	4	12	13	17	1	13	20	5	25	NIL	13	
20	22	17	14	17	NIL	14	1	20	15	2	21	12	NIL	4	12	18	21	14	4	7	5	19	NIL	14	
20	22	17	14	17	NIL	14	16	15	15	2	21	12	15	NIL	12	18	21	14	4	15	5	25	NIL	5	
20	22	17	11	16	NIL	22	16	3	12	2	16	12	15	4	NIL	18	8	1	8	7	5	25	NIL	5	
20	22	17	3	17	NIL	22	18	3	17	2	21	11	15	4	12	NIL	17	1	4	7	5	25	NIL	5	
20	22	17	3	17	NIL	22	18	3	17	2	21	11	15	4	12	18	NIL	1	4	7	5	25	NIL	5	
20	22	17	3	17	NIL	22	16	3	19	2	21	12	15	4	12	18	21	NIL	4	19	5	19	NIL	19	
20	22	17	3	17	NIL	22	1	20	1	2	21	12	9	4	12	18	21	1	NIL	20	5	25	NIL	20	
20	22	17	3	17	NIL	22	16	3	17	2	21	12	15	4	12	18	21	1	4	NIL	5	25	NIL	5	
20	22	17	11	17	NIL	22	1	3	15	2	21	11	15	4	12	18	21	1	4	7	NIL	25	NIL	22	
20	22	17	11	17	NIL	14	1	20	15	23	21	11	15	4	12	18	21	1	4	20	5	NIL	NIL	20	
20	22	24	3	17	NIL	22	16	3	9	2	16	11	15	4	24	18	24	1	24	20	5	25	NIL	5	
20	22	17	25	17	NIL	14	1	20	15	23	21	11	15	4	12	18	21	1	4	20	5	25	NIL	NIL	

Shortest Path Weight: 1151.13
7	 --> 21(484.72)	 --> 18(119.18)	 --> 17(1.71)	 --> 5(163.34)	 --> 22(240.04)	 --> 2(142.15)	

Shortest Path Weight: 1324.69
5	 --> 22(240.04)	 --> 7(42.26)	 --> 21(484.72)	 --> 18(119.17)	 --> 17(1.71)	 --> 3(436.79)	

No path exists!

Shortest Path Weight: 282.30
5	 --> 22(240.04)	 --> 7(42.26)	

Shortest Path Weight: 870.07
6	 --> 9(870.07)	

Shortest Path Weight: 464.96
24	 --> 3(464.96)	

APSP Matrices Cleared

Floyd Warshall Algorithm Implemented


Distance Matrix:
0.00	913.39	1467.73	1329.48	1194.28	INF	813.50	264.85	1850.52	814.16	964.18	1567.19	1402.85	1858.32	1707.59	1668.58	1030.94	1029.24	787.40	1176.06	1051.38	771.24	914.07	INF	1014.35	
736.81	0.00	1318.53	416.09	1045.07	INF	1124.78	1001.65	1454.06	992.95	50.79	1276.66	489.46	944.94	794.20	1378.05	881.73	880.03	1524.20	558.41	760.85	1285.11	1508.52	INF	1297.32	
591.09	1330.97	0.00	270.37	953.85	INF	979.06	855.93	382.79	537.49	1381.77	1185.44	1804.90	799.21	648.48	1286.82	790.51	788.80	1378.48	412.69	669.63	1188.83	613.17	INF	789.52	
320.72	1092.88	984.14	0.00	710.69	INF	708.69	585.57	1037.97	576.86	1143.67	942.28	1561.74	528.85	378.11	1043.67	547.35	545.64	1108.12	142.32	426.47	950.73	1137.13	INF	925.93	
1119.00	382.19	1324.69	798.28	0.00	INF	282.30	1383.84	1707.48	1375.13	432.98	1282.83	871.65	1327.12	1176.39	1384.21	887.90	886.19	1906.39	940.60	767.02	240.04	463.44	INF	252.25	
226.57	998.72	889.99	1160.35	616.54	0.00	776.35	491.41	870.07	1024.77	1049.52	848.12	875.80	1438.18	1538.47	949.51	453.20	451.49	1013.96	48.17	332.32	856.58	1042.97	653.11	831.78	
891.09	1151.13	1042.39	1312.76	768.94	INF	0.00	1155.94	1425.18	1332.03	1201.92	1000.53	1619.99	1841.60	1690.87	1101.91	605.60	603.89	1678.49	1455.08	484.72	1008.98	1232.38	INF	1021.19	
1089.61	648.54	1202.89	1064.63	929.43	INF	548.65	0.00	1585.68	1492.53	699.33	1549.18	1138.00	1593.48	1442.74	1650.56	766.09	764.39	1877.01	911.21	1033.37	506.39	960.70	INF	749.50	
1370.89	948.18	844.51	1050.17	571.06	INF	747.96	996.67	0.00	154.69	998.98	802.65	1422.11	568.11	1428.28	904.03	407.72	406.01	1447.62	1192.49	286.84	806.03	1034.50	INF	823.31	
1530.30	793.49	1735.99	1209.58	1462.53	INF	693.60	1795.14	2118.78	0.00	844.28	1694.12	1282.95	1738.42	1587.69	1795.51	1299.20	1297.49	2317.69	1351.90	1178.32	651.34	1105.64	INF	894.45	
686.02	1458.17	1349.44	365.30	1075.99	INF	1073.99	950.86	1403.27	942.15	0.00	1307.58	438.67	894.14	743.41	1408.96	912.65	910.94	1473.41	507.62	791.77	1316.03	1502.42	INF	1291.23	
1255.52	597.34	1396.91	1013.43	215.15	INF	497.45	194.03	1779.70	404.20	648.13	0.00	619.46	1542.28	1391.54	101.39	960.12	958.41	2042.92	1105.24	982.17	455.19	547.79	INF	336.59	
636.06	1310.54	1201.80	1472.17	928.35	INF	1210.65	900.91	1584.59	1450.22	1361.33	1720.31	0.00	2001.02	1850.28	1821.70	765.01	920.12	1423.46	920.35	1204.50	1168.39	1150.92	INF	939.73	
802.78	1330.97	1222.24	482.06	948.79	INF	179.85	1067.63	1520.03	1058.92	1381.77	1180.38	1799.84	0.00	860.17	1281.76	785.45	783.74	879.51	624.38	664.57	1188.83	1006.18	INF	918.21	
953.52	880.27	771.53	632.80	498.08	INF	330.58	923.69	840.69	198.75	931.06	729.67	1349.13	150.74	0.00	831.05	334.74	333.03	1030.24	775.12	213.86	738.12	961.52	INF	750.33	
1182.25	495.95	1295.53	912.04	113.77	INF	396.06	92.64	1678.32	655.66	546.75	251.45	870.91	1440.89	1290.15	0.00	858.73	857.03	1969.65	1003.85	880.78	353.81	577.21	INF	366.02	
1027.88	545.53	436.79	707.16	163.34	INF	445.64	806.73	819.58	726.43	596.32	1446.16	1034.99	1236.01	1085.27	1547.55	0.00	155.11	1815.27	849.48	930.36	403.38	626.78	INF	415.59	
1029.58	547.23	438.50	708.86	165.04	INF	447.34	651.63	821.29	728.14	598.03	1447.87	1036.70	1237.71	1086.98	1549.26	1.71	0.00	1816.98	851.19	932.06	405.08	628.49	INF	417.30	
1412.74	930.39	821.66	1092.02	548.20	INF	830.50	973.82	1204.45	722.58	981.18	779.79	1399.25	1620.87	1470.13	881.18	384.86	383.16	0.00	1234.34	263.98	788.24	126.68	INF	431.52	
178.40	950.56	841.82	1112.19	568.37	INF	850.66	443.24	895.65	992.56	1001.35	799.96	1419.42	1463.76	1490.30	901.34	405.03	403.32	965.79	0.00	284.15	808.41	994.80	INF	783.61	
1148.76	666.41	557.67	828.04	284.22	INF	566.52	709.83	940.46	847.31	717.20	515.81	1135.27	1356.89	1206.15	617.20	120.88	119.17	1936.15	970.36	0.00	524.26	747.66	INF	536.47	
878.96	142.15	1084.65	558.24	811.20	INF	42.26	1143.80	1467.44	1135.09	192.94	1042.79	631.61	1087.08	936.35	1144.17	647.86	646.15	1666.35	700.56	526.98	0.00	454.30	INF	243.11	
1605.94	2378.09	2269.36	1285.22	1995.91	INF	1993.91	1870.78	2323.19	1862.07	919.92	2227.49	1358.59	1814.06	1663.33	2328.88	1832.57	1830.86	2393.33	1427.54	1711.69	2235.95	0.00	INF	2211.15	
596.07	942.39	464.96	735.33	560.20	INF	842.50	839.38	847.75	1002.45	993.19	998.19	1431.86	1264.17	1113.44	746.74	396.87	395.16	1383.47	417.67	701.82	800.24	1023.65	0.00	812.46	
1016.52	1788.68	1679.95	695.80	1406.49	INF	1404.50	1281.37	1733.78	1272.66	1131.11	1638.08	1569.78	1224.65	1073.92	1739.47	1243.16	1241.45	1803.92	838.13	1122.28	1646.53	211.19	INF	0.00	


Predecessor Matrix:
NIL	22	17	11	17	NIL	22	1	3	1	2	21	11	15	4	12	18	8	1	8	19	8	19	NIL	22	
20	NIL	17	11	17	NIL	14	1	20	15	2	21	11	15	4	12	18	21	1	4	2	5	25	NIL	5	
20	22	NIL	3	17	NIL	14	1	3	9	2	21	12	15	4	12	18	21	1	4	9	10	3	NIL	3	
20	22	17	NIL	17	NIL	14	1	20	15	2	21	12	15	4	12	18	21	1	4	20	5	25	NIL	20	
20	22	17	11	NIL	NIL	22	1	3	15	2	21	11	15	4	12	18	21	1	4	7	5	25	NIL	5	
20	22	17	3	17	NIL	6	1	6	9	2	21	6	9	4	12	18	21	1	6	20	5	25	6	20	
7	22	17	3	17	NIL	NIL	1	3	17	2	21	12	15	4	12	18	21	1	4	7	5	25	NIL	5	
20	22	17	11	17	NIL	22	NIL	3	17	2	21	11	15	4	12	18	8	1	8	7	8	25	NIL	22	
20	22	17	14	17	NIL	14	16	NIL	9	2	21	12	9	4	12	18	21	14	4	9	10	25	NIL	5	
20	22	17	11	17	NIL	22	1	3	NIL	2	21	11	15	4	12	18	21	1	4	7	10	25	NIL	22	
20	22	17	11	17	NIL	14	1	20	15	NIL	21	11	15	4	12	18	21	1	4	20	5	25	NIL	20	
13	22	17	11	16	NIL	22	16	3	12	2	NIL	12	15	4	12	18	8	1	8	7	5	25	NIL	12	
13	22	17	3	17	NIL	22	1	3	1	2	21	NIL	15	4	12	13	17	1	13	20	5	25	NIL	13	
20	22	17	14	17	NIL	14	1	20	15	2	21	12	NIL	4	12	18	21	14	4	7	5	19	NIL	14	
20	22	17	14	17	NIL	14	16	15	15	2	21	12	15	NIL	12	18	21	14	4	15	5	25	NIL	5	
20	22	17	11	16	NIL	22	16	3	12	2	16	12	15	4	NIL	18	8	1	8	7	5	25	NIL	5	
20	22	17	3	17	NIL	22	18	3	17	2	21	11	15	4	12	NIL	17	1	4	7	5	25	NIL	5	
20	22	17	3	17	NIL	22	18	3	17	2	21	11	15	4	12	18	NIL	1	4	7	5	25	NIL	5	
20	22	17	3	17	NIL	22	16	3	19	2	21	12	15	4	12	18	21	NIL	4	19	5	19	NIL	19	
20	22	17	3	17	NIL	22	1	20	1	2	21	12	9	4	12	18	21	1	NIL	20	5	25	NIL	20	
20	22	17	3	17	NIL	22	16	3	17	2	21	12	15	4	12	18	21	1	4	NIL	5	25	NIL	5	
20	22	17	11	17	NIL	22	1	3	15	2	21	11	15	4	12	18	21	1	4	7	NIL	25	NIL	22	
20	22	17	11	17	NIL	14	1	20	15	23	21	11	15	4	12	18	21	1	4	20	5	NIL	NIL	20	
20	22	24	3	17	NIL	22	16	3	9	2	16	11	15	4	24	18	24	1	24	20	5	25	NIL	5	
20	22	17	25	17	NIL	14	1	20	15	23	21	11	15	4	12	18	21	1	4	20	5	25	NIL	NIL	

Shortest Path Weight: 1151.13
7	 --> 21(484.72)	 --> 18(119.18)	 --> 17(1.71)	 --> 5(163.34)	 --> 22(240.04)	 --> 2(142.15)	

Shortest Path Weight: 1324.69
5	 --> 22(240.04)	 --> 7(42.26)	 --> 21(484.72)	 --> 18(119.17)	 --> 17(1.71)	 --> 3(436.79)	

No path exists!

Shortest Path Weight: 282.30
5	 --> 22(240.04)	 --> 7(42.26)	

Shortest Path Weight: 870.07
6	 --> 9(870.07)	

Shortest Path Weight: 464.96
24	 --> 3(464.96)	

