99 500
84 78
82 24
25 28
12 90
55 33
51 64
19 69
16 89
17 64
77 69
68 78
59 92
84 42
31 87
47 69
65 58
67 35
48 36
75 1
75 85
60 32
21 70
8 69
19 63
21 43
38 98
37 88
59 71
49 61
68 87
65 54
67 57
55 85
31 85
56 46
55 70
31 32
12 86
44 92
49 46
68 39
60 24
4 52
51 98
4 53
47 28
65 90
51 36
55 79
97 23
82 46
75 92
4 79
67 72
47 46
75 30
16 95
82 91
38 30
26 57
18 45
49 69
59 93
68 30
4 73
68 98
18 58
56 83
37 20
82 42
38 42
18 87
68 73
31 93
38 34
37 34
4 54
68 85
26 69
65 66
67 63
77 35
17 71
49 83
56 52
17 20
82 98
68 46
82 85
37 98
84 3
65 62
84 1
37 41
38 88
11 29
60 20
65 28
56 3
11 30
55 20
55 87
12 1
68 6
68 15
26 86
47 29
59 58
12 64
65 15
47 63
14 3
51 52
16 79
97 71
19 79
18 33
48 23
68 71
55 90
11 90
26 0
82 57
55 34
21 32
67 90
16 74
19 80
31 95
26 20
75 89
67 91
67 42
37 81
16 85
75 45
12 39
9 36
97 90
9 57
25 5
68 40
17 24
16 96
26 53
21 45
55 39
47 76
77 40
17 52
21 66
97 92
12 98
60 40
17 93
31 58
44 41
8 13
97 72
56 30
77 88
68 28
14 29
8 54
56 71
8 62
26 85
31 81
65 64
56 80
26 61
67 20
37 46
8 90
17 15
14 28
14 54
26 92
84 27
21 34
31 78
8 10
31 1
12 92
11 92
60 61
65 23
21 78
55 7
49 36
51 46
60 54
31 7
38 39
68 42
38 20
65 91
44 27
19 10
47 70
97 93
68 22
51 58
55 71
48 89
56 35
68 54
12 87
11 98
59 46
56 32
44 7
11 40
8 83
82 72
49 34
12 70
56 98
4 94
38 52
44 89
68 52
75 62
16 62
56 2
21 89
21 98
18 5
75 94
14 50
9 53
11 85
25 13
51 23
17 58
26 46
48 83
8 57
17 61
21 92
77 93
18 66
17 89
77 85
11 57
26 54
56 64
21 24
48 27
68 93
48 78
19 41
19 98
65 96
47 3
47 45
19 78
26 73
97 36
84 98
38 15
16 63
84 91
84 96
19 89
48 13
97 0
56 1
59 90
31 76
31 24
49 53
49 63
55 10
17 34
82 74
18 7
9 24
47 13
37 24
44 20
75 72
68 66
68 0
31 15
26 95
25 57
9 81
11 53
37 43
48 66
44 96
55 30
49 41
12 32
8 24
14 5
77 24
14 23
21 22
8 81
68 79
55 81
59 61
97 69
8 98
84 30
68 58
31 40
9 34
60 91
49 6
17 36
31 43
18 72
31 53
37 61
48 5
60 71
4 41
77 64
25 52
8 35
60 98
84 20
47 20
21 30
21 83
77 78
82 2
65 0
31 39
11 76
82 34
37 64
97 96
49 2
48 85
65 81
18 86
56 81
48 28
14 43
11 80
75 93
8 61
60 76
75 78
19 1
55 43
44 70
44 1
14 79
31 23
55 80
51 73
84 36
60 66
25 10
65 52
16 45
18 88
9 41
4 46
31 69
51 0
14 52
19 61
21 2
82 79
56 95
55 96
9 7
84 76
4 32
48 93
65 41
55 73
18 30
4 76
14 76
16 93
17 33
97 70
25 83
97 27
67 30
44 22
9 58
8 43
55 98
11 46
9 88
68 57
11 15
75 64
82 95
65 7
67 41
67 6
11 89
48 70
37 86
47 81
68 74
48 54
9 10
9 90
4 71
18 80
75 95
11 2
17 92
82 88
47 95
17 53
75 28
9 54
59 87
82 76
77 94
84 54
21 35
82 10
68 83
37 70
97 91
60 64
16 27
18 43
51 13
19 58
37 27
68 41
44 61
60 41
47 34
65 30
26 78
56 87
60 73
48 64
47 85
48 95
44 88
55 40
60 63
18 3
8 46
67 92
68 33
11 20
67 76
82 90
44 23
59 76
11 34
12 40
8 20
38 5
44 73
38 91
14 81
16 2
18 54
47 0
38 71
12 52
25 81
97 95
8 94
31 28
26 64
47 22
9 45
82 13
16 61
11 86
55 78
56 50
8 23
65 36
51 45
97 79
84 74
11 87
4 35
97 53
48 69
11 69
25 36
56 6
14 73
11 62
77 95
47 36
55 35
84 69
16 83
67 5
