40 100
13 15
8 24
35 11
37 29
13 28
19 18
35 16
23 21
10 11
35 3
26 29
10 20
39 24
9 11
2 4
39 17
37 16
36 31
32 20
23 20
10 22
39 22
10 33
38 30
36 16
6 21
36 28
35 15
2 15
32 22
9 15
7 3
6 17
8 30
38 0
9 21
8 11
13 29
19 5
6 4
13 33
7 33
10 3
34 1
38 15
13 30
35 14
34 3
9 14
26 16
12 15
27 18
32 11
8 21
9 18
19 0
35 18
26 30
9 16
39 33
23 31
12 21
7 4
19 14
32 14
32 31
25 22
39 30
10 4
27 16
2 0
25 24
25 5
8 29
39 3
32 33
32 28
25 18
13 22
2 33
10 30
12 22
8 20
9 31
8 0
6 22
23 33
7 0
27 3
37 14
6 14
35 5
6 1
26 15
9 29
27 28
10 29
8 28
9 4
34 15
