100 500
28 95
36 75
67 32
37 84
27 66
35 3
30 55
11 84
78 80
45 43
54 26
52 66
52 50
14 17
77 84
30 3
33 32
60 64
8 83
47 55
73 71
47 51
14 94
6 64
7 1
67 29
99 32
67 88
42 55
72 88
21 1
87 83
2 91
90 88
21 3
67 97
73 62
86 98
11 32
30 64
86 91
47 85
81 20
2 32
77 62
18 88
77 40
72 3
5 91
52 43
52 80
28 49
47 43
90 79
57 58
11 88
52 83
54 20
35 51
6 29
96 88
73 32
89 97
92 83
86 50
77 10
48 94
86 38
14 24
99 84
22 24
77 3
22 29
35 75
9 80
25 59
9 50
90 10
63 95
7 3
37 51
52 93
22 79
11 56
4 17
25 75
39 51
33 3
8 50
7 84
63 94
45 0
60 83
8 68
69 10
33 59
78 83
23 50
57 62
48 44
69 19
73 97
33 53
81 98
42 83
37 43
21 40
86 80
28 65
28 1
74 16
31 66
42 49
12 80
8 97
81 0
69 56
47 40
23 88
87 49
89 0
23 46
77 34
48 56
14 51
89 58
14 65
5 3
45 93
23 19
57 61
2 97
48 51
96 38
54 19
45 46
57 20
21 88
30 61
70 85
67 98
36 17
42 71
89 88
8 65
63 75
14 62
92 55
36 68
28 91
31 38
74 93
47 95
99 88
48 17
22 75
57 71
63 17
42 93
35 32
47 3
31 46
77 66
74 98
15 83
12 66
21 79
60 84
37 79
14 50
25 58
30 93
81 55
70 66
74 17
18 50
33 56
5 83
23 41
63 51
33 66
67 76
54 62
73 29
73 56
45 26
86 55
74 38
92 91
78 51
8 71
87 32
52 3
42 19
96 62
31 56
8 46
45 95
15 61
9 29
63 29
28 80
15 26
45 98
35 44
22 34
6 46
73 95
86 51
23 13
37 97
25 3
15 51
48 19
42 88
23 34
22 83
74 40
45 20
27 76
86 97
23 55
5 98
45 79
22 20
48 50
12 44
15 1
99 24
60 75
5 16
42 53
96 46
90 49
70 75
67 53
36 3
72 68
23 94
89 34
35 64
74 50
31 65
81 93
73 40
42 95
6 26
4 32
35 93
25 16
87 93
63 76
30 24
2 41
87 19
39 50
54 10
4 44
15 16
39 13
18 44
72 91
52 51
28 68
21 38
8 13
12 50
81 44
2 20
4 84
39 32
18 1
36 49
39 79
48 26
25 95
45 64
12 13
15 13
9 66
57 40
99 55
72 97
21 44
22 93
18 17
48 98
7 95
92 34
5 10
27 29
15 41
23 49
87 46
27 13
90 55
36 66
27 61
73 68
18 66
39 29
33 76
4 91
99 71
67 16
90 20
72 93
5 41
86 40
87 88
47 88
11 91
11 20
33 38
69 76
78 16
89 24
23 83
52 55
52 0
45 88
8 26
42 64
73 65
33 20
81 43
4 0
18 93
73 10
36 85
77 75
31 85
7 46
57 38
8 76
5 49
21 61
73 46
23 75
47 61
6 93
30 66
54 46
69 51
31 94
33 16
47 91
36 16
36 53
14 82
92 41
23 65
7 44
48 85
37 98
25 64
96 13
22 51
25 79
6 62
42 10
31 43
27 79
28 24
78 55
39 10
2 16
77 61
77 29
52 20
45 80
74 62
22 50
6 79
73 0
90 3
54 66
21 75
22 1
23 71
52 61
21 76
47 93
11 75
12 68
63 66
5 55
35 94
57 34
60 55
2 13
86 16
73 50
99 56
57 26
73 17
54 95
57 95
35 43
72 65
21 10
92 93
99 19
9 95
22 3
99 66
81 56
21 19
23 44
86 75
33 50
4 79
81 29
60 44
86 20
73 51
6 17
6 3
35 19
92 65
77 19
36 65
12 17
90 58
25 76
89 3
12 56
31 41
23 93
67 41
15 71
18 83
31 97
48 76
15 91
7 97
35 49
22 91
18 19
42 3
47 94
45 94
87 53
90 66
31 49
81 97
14 95
4 46
90 19
35 85
54 3
63 62
96 91
18 75
5 66
92 75
67 61
90 85
2 80
72 32
87 91
77 1
73 93
70 1
81 3
52 19
27 84
28 43
57 64
70 0
42 16
8 38
2 19
63 79
47 80
30 13
69 0
15 93
63 59
18 49
42 61
5 62
22 17
30 50
54 1
7 41
57 55
73 3
81 64
22 88
12 75
74 94
48 34
23 95
7 20
36 51
35 53
7 62
37 19
86 68
