100 500
98 44
84 74
8 18
18 85
2 16
12 20
50 24
78 92
86 14
44 82
8 42
33 39
88 86
60 1
48 7
26 67
46 74
44 74
11 1
16 67
56 6
33 86
5 1
75 56
58 35
84 70
58 48
64 71
94 84
85 21
38 75
93 89
80 99
83 23
97 73
6 70
83 54
53 47
52 72
48 56
70 45
32 77
0 81
38 41
58 79
16 32
58 50
6 58
96 10
30 31
29 93
35 27
0 69
11 12
83 18
72 34
9 83
2 15
95 37
8 67
54 64
54 16
13 62
86 65
66 84
91 31
42 26
53 99
0 83
6 17
9 73
93 36
81 36
76 94
27 29
75 14
98 36
77 46
44 4
8 76
51 33
36 43
85 93
83 84
57 72
71 18
99 18
23 33
67 40
36 85
47 41
71 17
22 35
96 14
32 28
12 65
71 91
40 41
42 6
81 65
1 85
69 63
92 26
84 59
95 96
63 35
86 5
85 49
9 93
10 13
75 13
19 66
11 69
48 38
33 82
71 20
61 17
23 58
41 90
45 37
84 24
15 74
11 14
3 16
26 48
94 85
36 11
25 49
3 5
36 30
42 54
28 61
27 41
28 15
33 74
78 68
98 1
93 50
40 30
79 45
37 5
9 11
49 34
82 20
41 43
8 7
2 33
93 10
3 54
24 9
25 93
16 73
49 55
16 44
49 3
51 76
24 71
75 88
45 16
9 58
28 82
51 59
9 54
48 78
33 81
34 62
94 54
5 73
48 76
90 66
39 54
16 90
11 49
61 99
72 38
13 67
38 60
39 52
4 78
73 81
47 40
2 83
79 21
82 38
47 46
62 81
89 0
9 28
55 90
78 51
52 88
46 73
72 75
93 90
34 61
81 4
54 57
22 71
45 78
71 83
15 22
26 78
83 31
61 73
32 11
6 92
99 40
48 33
19 58
39 85
71 76
58 46
70 31
82 66
92 5
25 6
66 91
18 74
81 28
79 4
74 52
8 12
37 39
35 39
85 75
49 45
27 98
85 42
73 65
57 48
87 17
53 33
83 76
83 69
40 43
20 75
92 77
54 31
52 47
74 17
75 95
56 34
48 51
24 95
19 25
27 43
46 25
16 79
25 61
2 18
91 6
17 32
65 46
14 93
70 22
58 86
22 41
39 83
70 46
46 61
62 57
57 56
25 88
14 16
55 56
64 72
37 75
22 96
14 88
59 9
38 13
96 85
61 53
82 6
85 90
15 93
7 20
98 34
97 4
3 93
70 96
30 6
97 57
58 94
28 29
7 36
56 92
44 13
87 56
46 0
86 52
26 4
56 20
70 7
55 5
19 23
63 70
80 29
15 96
44 97
4 17
26 28
97 59
5 84
36 33
90 11
14 70
42 32
61 81
97 40
31 23
87 94
68 87
72 58
14 79
91 87
27 75
72 23
65 43
37 79
48 37
30 81
38 0
2 45
72 53
39 48
10 1
48 15
25 21
44 40
96 61
47 79
31 85
36 74
54 74
57 27
78 18
8 63
12 36
73 51
24 15
40 69
76 81
19 82
77 97
80 42
74 70
1 59
38 56
52 56
25 77
50 68
35 40
78 23
58 84
57 20
54 37
20 89
73 22
25 24
2 71
59 82
32 33
50 40
24 28
57 70
26 95
44 69
27 83
98 9
47 86
62 63
22 4
32 6
91 75
12 89
96 77
39 61
46 55
25 80
39 12
47 5
93 65
53 23
12 51
13 74
18 57
58 5
62 25
33 61
94 89
39 38
32 80
18 14
71 19
69 19
90 46
15 35
20 61
22 92
94 92
34 95
1 87
96 54
25 31
39 31
91 44
5 53
83 88
23 15
88 90
74 0
39 32
14 47
20 14
99 63
90 13
47 82
55 9
99 59
97 46
82 24
69 99
68 63
17 55
61 48
73 94
17 50
78 46
15 98
92 14
51 60
23 94
99 24
82 98
45 23
70 23
70 9
74 58
56 40
90 4
25 68
63 59
74 8
19 50
13 32
58 85
78 96
97 12
40 25
82 53
62 80
21 6
99 9
74 50
79 89
14 17
34 83
72 91
88 44
41 65
84 50
61 54
65 18
38 88
89 58
29 46
6 74
62 46
69 78
36 84
76 15
16 12
44 49
3 21
45 7
94 65
53 66
62 91
38 25
41 52
23 32
65 17
77 22
64 80
79 38
45 10
61 74
58 96
20 33
92 4
46 10
93 92
51 40
35 59
32 30
20 65
43 37
93 30
56 31
