101
1.0 4.0
2.99 23.92
4.98 34.86
6.97 55.76
8.96 71.68
10.95 43.8
12.94 38.82
14.93 29.86
16.92 135.36
18.91 113.46000000000001
20.9 62.699999999999996
22.89 91.56
24.88 248.79999999999998
26.87 53.74
28.86 230.88
30.85 30.85
32.84 32.84
34.83 104.49
36.82 294.56
38.81 77.62
40.8 367.2
42.79 171.16
44.78 268.68
46.77 46.77
48.76 195.04
50.75 507.5
52.74 421.92
54.73 383.10999999999996
56.72 397.03999999999996
58.71 293.55
60.7 242.8
62.69 501.52
64.68 452.76000000000005
66.67 400.02
68.66 205.98
70.65 282.6
72.64 581.12
74.63 149.26
76.62 459.72
78.61 78.61
80.6 80.6
82.59 578.13
84.58 338.32
86.57 692.56
88.56 88.56
90.55 543.3
92.54 740.32
94.53 472.65
96.52 965.1999999999999
98.51 197.02
100.5 603.0
102.49 922.41
104.48 208.96
106.47 851.76
108.46 542.3
110.45 1104.5
112.44 899.52
114.42999999999999 572.15
116.42 698.52
118.41 592.05
120.4 240.8
122.39 489.56
124.38 497.52
126.37 884.59
128.36 256.72
130.35 1042.8
132.34 794.04
134.33 268.66
136.32 681.5999999999999
138.31 1383.1
140.3 1122.4
142.29 1138.32
144.28 577.12
146.27 585.08
148.26 296.52
150.25 601.0
152.24 1522.4
154.23 308.46
156.22 1405.98
158.21 1265.68
160.2 1441.8
162.19 1297.52
164.18 1641.8000000000002
166.17 1163.1899999999998
168.16 672.64
170.15 1701.5
172.14 1721.3999999999999
174.13 696.52
176.12 528.36
178.10999999999999 712.4399999999999
180.1 1260.7
182.09 910.45
184.08 184.08
186.07 1674.6299999999999
188.06 752.24
190.05 1330.3500000000001
192.04 1536.32
194.03 1358.21
196.02 392.04
198.01 1782.09
200.0 1600.0