66
0 0
1 3
2 12
3 33
4 72
5 135
6 228
7 357
8 528
9 747
10 1020
11 1353
12 1752
13 2223
14 2772
15 3405
16 4128
17 4947
18 5868
19 6897
20 8040
21 9303
22 10692
23 12213
24 13872
25 15675
26 17628
27 19737
28 22008
29 24447
30 27060
31 29853
32 32832
33 36003
34 39372
35 42945
36 46728
37 50727
38 54948
39 59397
40 64080
41 69003
42 74172
43 79593
44 85272
45 91215
46 97428
47 103917
48 110688
49 117747
50 125100
51 132753
52 140712
53 148983
54 157572
55 166485
56 175728
57 185307
58 195228
59 205497
60 216120
61 227103
62 238452
63 250173
64 262272
65 274755