18
-1.0000000000 528.0000000000
0.0000000000 242.0000000000
1.0000000000 80.0000000000
2.0000000000 36.0000000000
2.3000000000 41.9529000000
2.6000000000 54.7584000000
3.0000000000 80.0000000000
3.5000000000 119.0625000000
4.0000000000 158.0000000000
4.5000000000 186.3125000000
5.0000000000 192.0000000000
5.5000000000 161.5625000000
6.0000000000 80.0000000000
6.5000000000 -69.1875000000
7.0000000000 -304.0000000000
7.5000000000 -643.9375000000
7.7500000000 -859.8320312500
8.0000000000 -1110.0000000000
